31201326
29506144
31077325
31381576
31091233
31072787
31123065
30484926
30670478
30695684
31745147
31607650
31715291
31483695
31114856
31768843
30766617
30965034
31036678
31086177
30759894
31100151
30940674
31538360
31647888
30877919
31180325
31882445
31845649
31346719
30609235
31277421
31697917
30799243
31335864
31469838
31101677
31834470
30972103
31795422
30939963
30760597
30787042
30630896
31400775
30526176
31081268
31570610
31649044
31710605
30658967
31142547
30744969
31133749
31175937
30761704
31347257
30760524
31477008
31698828
30684537
31241765
31257142
31138657
31557446
32123847
31344965
30865518
30918052
30874362
30905728
31267131
30801246
30873275
31128299
33089181
31230716
31828261
30837290
31014246
31127649
31108122
31355800
31605400
30904193
30649455
31071079
30795893
31160313
30603852
30760490
30837222
31477736
30714901
31811398
30826337
31000600
30875678
31404236
30684503
31484080
30904609
31214243
31401934
31874635
30998799
31821364
31681295
31805260
31582744
31032688
31040766
30642837
30954333
31157374
30307564
31292108
31127094
30861021
31653862
31277943
31069663
31370207
31661076
31784359
29750417
31354077
30850647
31267711
30880014
31719159
31353315
31870547
31748750
31175824
30726729
31613895
30885123
30810280
31400203
31367827
30847475
30759873
31179351
30889389
31310830
31067435
31103713
31430488
31104933
31064860
31427921
31669484
31698957
31568497
31061698
30917116
31028268
30792539
31399474
31493390
31147740
30993906
31215865
31175694
31552778
31226244
31299230
31331911
31708163
31387877
31365523
31654871
30655522
31584428
31703556
31564548
31718540
30790534
31173136
31727972
31102594
31666321
30601697
31040730
31223115
31390285
30689829
31226410
30052767
31560343
31006632
31159440
30854626
30786879
31701655
31506350
30653982
31387244
31399469
31877164
30604225
31187122
31150415
31278080
30881374
31285604
31474539
30802236
30918051
31477571
31592352
31353220
31662085
30706848
31081014
30833462
31138234
31213134
31783119
31533044
32166184
31594844
30842428
31849090
31995880
31236589
31645735
31430178
30846317
31038124
31029679
31107875
31422886
31109086
31278365
31781114
31522116
31500270
31801087
30917306
30898143
30958118
31350199
30687963
30685209
31169499
30885539
31091453
30696856
31331983
30642357
31746737
31132524
30692666
31873106
31147711
33225013
31433837
31698250
31502540
31278345
30716069
31611231
31558581
30342157
31038678
31524863
31746739
31115735
30857919
31639350
30865587
31585809
31242178
31712431
31839537
31528753
30646604
30792267
31624139
30774648
31202490
31743673
31207209
30842209
30872277
31289620
31500637
31560163
30979781
31839451
30982741
30611903
31418797
30666569
30858865
31805038
31398343
31595502
31380072
31124270
31794428
30857831
31740730
31653955
30954681
30793407
30637096
31736687
31137639
31640516
31153895
31153464
30973325
31465604
31056390
31835272
30808704
31577228
31019467
31100073
30984026
30606757
31785787
30796039
30633769
30599067
31296556
31689384
31114922
31959292
31206655
31427986
30818813
31637792
30943201
30923041
30866794
31929508
31395863
31018551
31219034
30723090
30625311
31112698
31689404
31280185
31809495
31290369
30837761
31094676
31843021
30717772
30880011
30786228
31527149
30337352
31562251
31300663
31072879
31262815
31599203
31279575
31018123
31215418
30753230
31612862
31715897
31131327
30807568
31471123
31403618
31348003
31876077
31529787
30930040
31286069
30905769
31786733
30873122
31555663
31842424
30978667
31677527
31152944
31510262
31146137
30937676
31086359
30953686
31445108
31415568
31209154
33654809
31855461
31798620
30900191
31257643
31075100
31540973
30865881
30590805
30679245
30428070
30590701
31276489
31614134
31609313
31251338
31296562
30944337
31754023
31534430
30885947
31451616
31240599
30736391
30651071
31303984
30939971
31519807
30821816
31150390
31073199
31784689
31340029
31827584
31354437
30735663
31613418
31287984
30688650
31038253
31195954
31864711
31687931
31768006
31292144
30918125
31281031
31836797
30567930
30953041
30520973
31036789
30819799
30911052
30742611
31757972
31402302
31866366
30688039
31006649
31100062
30942855
30891930
31068849
31808420
31300472
31239242
31189665
30661229
31327508
30699125
31700525
31089141
31402096
30992503
30642835
31012844
30858024
31324014
31011840
30735275
31295381
31626952
31118240
31834921
30902980
31402304
31106644
31031119
30530644
30726896
31600778
30905891
30902873
31404652
31350259
31901448
31193183
30952666
31636957
31111462
31805916
31037468
31023341
30925584
31048917
30711662
31119502
31172945
31668619
30799021
30885138
31102334
31577833
31534223
30837217
31136586
31157861
31140349
30967537
30705102
31613218
31786064
31310802
31091556
31530645
31511251
30654923
30669963
31796991
31063760
31076279
31230721
31575638
31664698
31606580
31326540
30785031
30847993
31511253
30918053
31197139
30252027
30753559
31653962
30576446
30745142
30737130
31876198
30833507
31263175
31678471
31628403
31178401
31157930
30445496
30921522
31460743
31231648
31058891
31801222
31254634
31100095
30672604
31220982
31222019
33654966
30988163
31384064
30893296
31799427
31327054
31544603
30726162
31750630
31624983
30696713
31591186
30663659
31678848
31416462
30462292
31194677
30819819
33543012
31376529
31901541
30635270
31387856
31586240
31511344
31617302
31544607
31420166
31767877
30796183
31012773
30911005
31873089
31175345
31784536
31354411
31285245
31322499
30923056
31206649
30859203
31097607
30763317
30911338
31137726
30905770
31120495
31383864
31784458
30771457
31589607
30679262
31158364
31422916
31138608
31564496
31625005
31878832
31630804
30692204
31706027
31601854
30612150
31324721
30304999
31553718
30896406
30912203
31249694
31090542
31685997
31203763
31546813
31001806
31043421
31864308
31092928
31412999
30977928
31141011
30741633
31167145
31142544
30786225
30853556
31582763
31484673
31920669
30957223
31622731
30805612
30982648
31189747
30867415
30967612
30986426
31291240
30909122
31491894
31852821
31902586
30718364
31702556
31851941
31830033
30824866
31584940
31088279
30886393
30715303
30741634
31722958
30902578
31575372
31749111
31862622
30768139
31435630
31427757
30300650
30648969
30816680
30858845
30958824
31136986
30635583
31365866
31651397
30745378
31068592
31735669
31890150
31087762
31089884
31465821
31736181
30661796
30958206
31155354
31072326
31868582
30647070
31065310
31101394
31841513
31317291
31608742
30663718
31230212
31018943
30521013
31174466
30397019
30840598
31321704
30676700
31434890
30629954
31787038
30677014
30740970
31099342
31498327
31138707
30858560
31430450
30858563
31171632
31071318
31299010
30794587
31060819
31787037
30496432
31315932
31287057
30606245
31455722
31429468
31473309
31484075
31243268
32694676
31740452
31320041
30615125
30563832
31635379
31244602
31455677
31484071
31831628
31805344
30915696
30833576
31607538
30844731
31159720
30679242
31307268
31543447
30920370
30541104
31242186
30633870
31428697
31600061
31050646
31540238
30842791
31126036
31110215
30927545
31412687
30877125
31813601
31097705
31681838
31444217
30761328
31639356
31668626
30696702
31575544
31191270
30781603
30705105
30872455
31589603
31022179
31108167
31837826
31695036
31629603
31263170
31147540
31609321
31172848
31644838
31578524
30643215
31127145
31582524
30902925
30124907
30661800
31712250
31436053
31329173
31289814
30837466
31784462
31810838
31708395
31416830
30910026
31327720
31862926
31511495
31673827
31253791
30737382
31155360
31143437
30696414
31819141
31340757
30700014
31091441
31690597
30631066
31284878
31663851
31506944
31155359
31239042
31164731
31705587
31163148
30530810
30885036
30833759
31269015
30958586
31125351
31771473
33654963
31318331
30624205
31487469
31249065
31598926
32143742
31413102
31636085
31447264
31567070
30958583
31840430
31306018
31158235
31084464
30805566
31041520
31875578
30872709
31131321
31624138
30602385
30975420
31837934
31204174
31409231
30615609
31882643
30683545
30404807
31735592
31303887
30590559
31211778
31292463
30371801
30552191
31195140
31824299
31485716
31473590
30705155
31395429
31195239
31862793
31211974
31412664
31077378
31772150
31246149
31123337
31005254
30670376
31337756
30655415
31076384
30988367
30705777
30753434
29868793
30625384
30107415
30790796
31555733
30819957
31654826
30633936
30855229
31169494
31824255
31255773
31422102
31823796
31653672
30910934
31658266
31615108
31871131
31387336
30954218
30252085
31439720
31171792
31544619
31484760
31155466
30672465
30728452
31565713
30615641
31272685
31263078
31585954
31399470
31849585
30833404
30841641
31227826
30719975
30881911
30622266
31265212
30756455
30650363
31516068
30713106
30948422
30833342
31073908
31506320
31159833
31261385
31718417
31020413
30679936
31143129
31115335
31575020
31116974
30753833
31387508
30788439
31211976
31659341
30753690
30901560
31259918
30476187
30799225
31036831
31425511
31416967
31350387
31178075
31581354
31180318
31085682
31486161
31774613
31030182
31530113
30939308
30679029
30936191
31071312
31809743
30703584
31625562
31292260
31170408
30670567
31564441
31695054
31564469
31786681
30783109
31285355
31235567
30944361
30910834
30741974
31672727
30769915
31641019
31698692
31093969
30659116
31309393
30910826
31796593
31767631
31564592
31649333
31877500
30971428
31783992
31112127
31837063
31724082
31597609
31229267
31690627
31170139
33654892
31770521
33654772
31287870
31641138
30653815
30770855
31127048
31439792
31320986
31801091
31065001
31009489
31852533
30753596
31227525
31693886
31570835
31847450
31066675
30757904
31039425
30898009
30385460
30862119
30600560
31112532
30936183
31683123
31320325
30745339
31247332
31436123
31636642
31355794
31672963
31231757
31847767
31492656
31891940
30687036
31799390
30699116
30872619
30606799
31011226
31504297
32133157
32399185
30883262
30804200
31544596
31251174
31424385
31847787
31609343
31429476
30371819
31799428
31794267
30910009
30939309
31689397
31630981
31006568
31548372
31368590
31571580
31285547
31059426
32183975
31285341
30837828
31422152
30975764
31270536
31545792
31888080
31386239
31217165
30974046
31364716
31489403
31530140
30675754
31847762
31615889
31225606
31645358
31560342
31176925
31329169
31564000
31061492
30962910
30849690
31678813
33405797
30801012
31830467
30742616
30977757
30994172
31116639
31683705
30716647
30997027
31815670
31234951
30928312
31522942
31484077
30836086
31313398
30559249
31714929
31006650
31235616
31381180
30865561
31484689
31821146
31765996
30666901
31679932
30865227
31207498
31706327
31928998
31675180
31527870
30858499
31251895
31197356
31725726
31332263
30827912
30735676
31691095
30423125
31873056
31085593
30797686
31877067
31209382
30888733
30708026
30778062
30620723
31371377
31498081
31553680
31422284
31147539
31723301
31371383
31156382
31213988
31221956
31629169
31365869
31736481
31597093
31753528
31823004
31265830
31607533
31409797
30836834
31612861
31353186
31864707
31704968
31428565
31402386
30918312
31842459
31344027
31246542
31136977
31012011
31419228
30605598
31001816
31205315
30704858
31444298
30765784
30880009
31259337
31012008
31691093
30582411
30651542
31730657
30939305
30753836
30737087
31080523
31092503
31569427
31088910
31889425
31685202
31877058
31120803
31075221
31454449
31518666
30983950
30952627
30703153
30906538
31318326
31875538
31010135
30760977
31198948
31121121
31524048
31674911
31043655
31399572
31031116
31699645
31019084
31048465
30476102
31789224
31064855
31188830
31719046
30786854
31019451
31636947
31680668
31088859
31428609
31770768
31575764
31239556
31569440
30733630
30758285
31192356
31167138
31547049
30715331
30936181
31183966
31188709
31811140
30891213
31021316
31290213
31606030
31635152
30892612
31615854
31715979
31277432
30943101
30710688
31118901
31312907
31194738
31799425
31249493
31206812
30818081
31058854
30804504
31495693
31123597
31875549
31246996
30889390
31472221
31881198
31120886
31748517
31036086
31740820
30760537
31837423
31818869
31015486
31405903
31354516
30982664
31394418
30794154
31247309
30970158
31568500
31685844
31570502
31230133
31080045
31519242
31006039
30836998
31615886
31253715
31850843
31664682
31959286
31337036
31239297
30910908
30943049
31032518
31110474
31505183
31678117
31390535
31068148
31026276
31776190
30687056
31622354
31320181
30826726
31218815
30957216
30778226
31751555
31453806
31266421
31782145
30770378
31479171
31229244
31509744
31525352
31309630
31630955
31786014
31796806
31564492
31366666
30367846
31337301
31439631
30847093
30991634
30612904
30628672
31006566
30737370
30940060
31390559
31659330
31311780
30845228
30685895
31736234
31428611
30852302
31575731
31043568
30837287
31882718
31052481
31351148
31679813
31763075
31228417
31609336
30778195
32143744
31773367
31875774
30735487
30958098
31712450
31701127
30768592
30541149
31544822
30901309
31002474
30679422
30605670
30726744
30625385
31735672
31488514
33654781
31649115
31033954
30836088
30420334
31201382
30699194
31685201
30692227
31213980
31079296
30792494
31085598
31589659
30902902
31724947
30787043
30626718
31319158
31550459
31036543
31816565
31455157
30948355
31704328
31453279
30634679
31553671
31660435
31570513
30622216
31765707
30299456
31810837
31389290
31340149
30868713
30862957
30872456
30638447
31814119
31829940
30982417
31183996
30753202
30950055
31504075
31871319
31112007
31287364
31325578
30601807
30837311
31145769
31722196
31914610
31064874
30712786
30476189
30967548
31550481
30601935
31036645
31449825
31353313
31550483
30858374
31511532
31600455
31071084
31096022
31358758
31092924
31906042
30714906
31744422
31340141
31527678
31391193
31097295
31540126
31009682
30700552
30962180
30803940
30692130
31063730
31358560
31787039
30804985
31577169
30799245
30999038
30825692
31607649
30995484
31004669
30622305
31619460
30615858
31391195
30914004
31857346
31410471
30926724
31504505
31221967
31736790
31332373
31417095
31002009
31001574
30800166
31479438
31194972
30721681
30659113
31803000
31283922
30772175
31103635
31614679
31079319
31390561
31813606
31626769
30914945
31837503
31040111
31056843
31723214
30799246
31271353
31413273
31227544
31668010
30892991
29945183
30718365
31137701
31601616
31488408
30942574
31650955
31248380
31072311
31112128
31257561
30890573
31576653
30744634
30899013
31086697
31704693
30986429
30612906
31912007
31235815
31793168
31542627
31195914
31481018
31233020
31340987
31493819
31880382
30803307
31303441
30696873
30239736
31537787
31390360
30914202
31513013
31299050
30746474
31049567
30986215
30837153
31641932
30953451
31153043
31283178
30843364
30616566
30277531
31511345
31385711
30948741
31182620
31475145
30665104
31387472
31920556
31554626
30920170
31563631
31095869
31275171
31150868
31554906
31086044
31133760
31799578
31206020
31371562
31879864
32694784
31732614
31141679
30853433
31576058
30635398
30652125
30598482
31327716
31295251
30872605
31336357
31661072
31117947
31524597
31856171
30986388
31152141
31722883
30683884
31455663
31813825
31746672
30923190
30682390
31822699
31130395
31364842
31375967
31242864
30995201
31015407
31528161
30796048
31613223
31338879
31356597
31156389
30415156
31444377
31318925
31767569
31158363
31399546
31733261
31693432
31398837
30735653
31048401
30897772
30407553
30395322
30455245
31358945
31566561
30790533
31278163
30995488
31570119
31147689
31196871
30694180
30733382
31834948
31188739
31482645
30811733
30938419
31628141
31634430
31208963
30383249
31708391
31084607
31006647
31312839
31612860
31290972
31345993
30787400
31019093
33654841
31740789
31663248
31789234
31064300
31409654
31251896
31491385
31593608
31748748
30689862
31530634
31151465
31329593
30784483
32143754
30459180
30953623
31280184
31150400
31385638
31628110
31843757
31739265
31083322
31697683
31010679
31051102
31449892
31283380
31647582
30650622
30730908
31713634
31484070
31472090
31563022
30379605
31901446
30819546
31714932
30783089
30446539
30639055
31858605
31455131
31555154
31434710
31491925
30833244
31470019
31527278
31527181
31107865
30904594
30936015
31393878
31182187
30998935
30903659
31286063
31849056
31091438
31658274
31558618
31216519
30926937
31447878
31242411
30711401
31327739
31881842
31659046
31085629
30779346
32591083
31792199
31013568
31160709
31207389
31704182
31451798
31609962
30650364
31331981
31309148
31091299
30624823
31519262
31470564
30781726
31268829
30962372
32143747
30639226
31268546
31098622
31219669
31772289
31362022
31203392
31909520
31527046
33654931
31293237
31693685
30948249
30943394
31587468
30822306
30738927
31065002
31519205
30994046
31640520
30811990
31043456
31566767
31295329
31484839
30999567
31123042
30952860
31085191
31459316
30993828
30802937
31130459
30344016
30788506
31049075
30650361
31545167
30439617
31705829
31836703
30974174
31365613
31449516
31598735
31792240
31294690
31213602
32954257
30933079
31136794
30924196
31385627
31444218
31412248
31651354
30645584
30559276
31175213
31371379
31738748
31657798
31738101
31576756
30783116
30808706
31488622
31495696
31353314
31076758
31503204
31770364
31612994
30649456
30666960
31718774
30773368
31537640
31095588
30793782
31316388
31734281
30795733
30539716
31488613
31447373
31529563
31299595
31063134
30760733
31584999
31852969
30867197
31142545
31481676
31722719
30653496
31777182
30662949
31624146
31768056
31856635
31844131
31866807
30770806
30359736
31001136
30744572
31253650
31283886
31728791
31513679
30886368
31075491
31194729
31535971
31341080
30914419
31438473
30726723
31628310
31365860
31665762
30744966
31125414
31332229
31097674
31080046
30765194
31901635
31009446
31164339
31505048
31611773
31744546
30966955
31666534
31080079
30968135
31505865
30988038
30778467
31110016
31012014
31344970
30808658
31085193
31841522
31313987
30874299
31679928
31711518
30891206
31222094
30879902
30695029
31650630
31491378
30770795
31625061
31455664
30714238
31076454
30826400
30760594
31329268
31836699
31558620
31628317
31610128
31365007
31391301
30842529
30712870
30755492
31083952
31553691
31641108
31052498
31398334
30827914
31680999
30779745
30967153
31311092
31209019
31378311
31485301
31717666
30862621
30890569
30821688
31547845
30597717
31403166
31362974
31606342
31315941
31745213
31878213
31666742
31308546
31186403
31645461
31169340
30407542
31551716
31028111
31692445
31563893
31138619
31897425
30659250
30875295
31748749
30514714
31073342
31278140
30769795
31578392
31716696
30941006
31401719
31314165
31591396
31553970
31891597
31320616
30659150
31091168
30657258
31130353
31226923
30630823
30914409
31511511
31597104
31926406
30825683
31396106
30723102
31383765
31295549
31164391
30774716
31116733
31384047
31225795
31063813
31704059
31095815
31740269
31564489
31645458
31264309
30821975
30803481
31356596
30877099
31364377
31839405
31376574
31409274
31569414
31799429
31722209
30796225
31774393
30576408
31455738
31201623
30601696
31690171
30741620
30851308
31205005
30805163
31328161
31273786
30898999
32031397
31820086
31869331
31795326
31551239
30879378
31521708
31289176
30850373
30865627
31316544
31454629
31503544
30609298
30658986
30943413
31881982
31693706
30771303
30837315
31475621
31056392
31184585
31160382
30731096
30916318
31530575
30836847
31001677
31064785
31267707
31648063
32462060
31610371
31737841
31375669
31332509
31502704
31235647
31815300
30695695
31427540
31812445
31748204
31105519
31817611
31233884
31254741
31250807
31579823
31096839
30926832
30669087
31143443
31325739
30661802
30939968
31102763
31751545
31686134
31278899
31533037
31623094
30988701
31028139
30476267
31507454
31260938
31856229
31769501
31264253
31077339
30936384
30548465
30890568
31600260
31432496
31702555
31870293
31690624
31229649
30980655
31350118
31541919
31811399
31341966
30660665
30664368
31444286
31330360
30881291
31296563
30616504
30657879
31326753
31570569
31866201
31436529
30516209
30624635
31524631
31080044
31002803
30715476
31158257
31084242
30794535
31367818
31690598
31332194
31334599
31653253
31253649
31064424
31378462
31544173
31261809
31211973
31527269
30651069
30868108
30989774
31562951
31672931
31690772
31218852
31754011
30953618
31005085
31241884
30618131
31367815
31418408
30703437
31988724
30620897
31110321
30653495
31234398
31545318
31061493
31116990
32596662
31227595
31269434
31876214
31767860
30711355
31031583
30892787
31164352
31549655
30933080
31152627
31837288
31086362
30709849
31404830
31780887
30879903
31499645
31067466
30718367
31174206
31071221
31054025
30397173
31242415
31624341
30823614
31752589
31080057
31835066
31358113
31048027
31481534
29718269
30659087
31548400
31048031
30982601
31042461
30931935
31408320
31493515
32143740
31325455
31235842
31466754
31234387
30739017
30713156
31061861
31497602
31126937
30853438
31744421
31132984
31846454
31595010
31519746
31814118
31498321
31167957
30919212
31625196
31658371
31063751
30642916
31735666
31088517
30951650
30407506
31613221
30610177
31715775
30796047
31076285
30894743
31649929
31291788
31965192
31784092
30866498
31680879
30582233
31607425
31722217
30817931
31440902
31242080
31209108
34045768
30796790
31140975
28969930
31337675
31406262
30351378
30775434
31238820
31150375
30768932
31520067
31644916
31302799
30985904
31366733
31141876
30730884
31492772
30808766
30880493
31879013
30857853
30688651
30660905
30735514
31450567
31697700
30639105
31502634
31053594
31753914
30802457
31587919
31353316
31823413
31207060
31269431
30803020
31284591
31037730
31241464
31808152
31530651
31073020
31415125
30666562
28916168
31651328
31429190
31389332
31562189
31455604
31542843
31300869
31300277
31502303
31495585
31877129
31396511
31171531
30958125
31312260
31537623
31114929
31521619
31526131
30590420
30860988
31134124
30724684
30867469
31385626
31182867
31425981
31825313
31702858
31399611
30917324
31165881
30824860
31310235
30690059
30919956
31088981
30719278
31889943
31993495
30898973
31454345
31061470
31527906
31501438
31110028
31572216
31674725
31648237
31716277
31921210
31167833
31923648
31443492
31619466
30827899
31806024
30445619
30847389
31601104
33598376
31246335
31685521
30693015
31540975
30506554
31554023
31439126
31938713
31431535
31669583
31031805
30815010
30810958
30683757
31176718
31094269
31535131
30914005
31682953
31213502
31692223
31554796
31849700
31527261
30329093
31273212
30883731
30947023
30697699
30213494
31426688
32229894
31404632
31877063
30715493
30918006
31101975
30629594
30963851
30107510
30184052
30899273
30670470
31511254
31855751
30364959
30397017
31505811
30917109
30891062
30656413
30907728
31822470
30696109
31138137
31006852
31217461
31001062
31653782
31039676
30530809
31097722
31487280
30625314
31078436
31425502
30389767
31095565
31709462
30967427
31242135
31316972
31378591
31329099
31109667
30923166
29236963
30897799
31584127
31420927
31283358
30813886
30635282
31014993
30955396
30900533
31616000
30804808
31329912
30918398
31464682
31481894
32591078
30981533
31999602
30710192
31721422
31257402
30935941
31556149
31154973
31593562
32284136
31381200
30657757
31709017
30912745
30755521
31426448
30663241
31784087
30624704
30683556
30336223
30530643
30910613
31201635
31259690
31484761
31726321
31871670
30635283
31726222
31098409
31723008
30728217
31063732
30999235
30874797
31572145
31680899
31041386
31227013
31790805
30664869
31250075
31674908
31119647
31363221
30871987
31367663
30844394
30901919
31090720
31786266
30875994
31138076
30705583
31403085
31213176
31346296
30733260
32475477
30992041
31236239
31130457
30837285
30753188
31315653
31011645
31042449
31372510
31391501
31690673
30620334
30891191
30710084
31892957
31312482
31060255
31687836
31267577
31348001
31025939
31297598
31202852
30930263
31438818
31438578
31513766
31717606
31221725
31057652
30694174
30847082
30952307
31324618
30912125
31843001
30804004
31492805
31010351
31264962
31113955
31454451
30837288
31453329
31582296
31590355
31044222
31462700
31286660
31123313
31242809
30705188
31562564
31694548
31426557
30955404
31112130
31755866
33654886
31112748
31308381
30869121
30635267
31363093
30844392
31379062
31652444
31697682
31226128
31811118
30699121
31566424
31477803
30689844
31317820
31765994
31682226
31730659
31438819
27106227
30842743
30635441
31067280
30679505
31598337
31034473
30824620
31067455
30449698
31019471
31784520
30737415
31115476
31231050
31403399
30943415
30716062
31416578
31562231
31833223
31488722
31718063
30788058
31285267
31617345
31233882
30643137
31144193
31609200
30923256
31222139
30718556
31051219
31121321
30665888
30617204
30592037
31329582
31649623
31769470
31014230
31178315
31863086
31687928
31417197
30463884
30974782
31213548
31786061
31018591
31540425
30287546
31244615
30796949
30826502
31548202
31754102
31610862
30735120
31630861
31235656
30995910
31726320
31269894
31136982
31740617
30733440
30967644
31042479
30559298
31545163
33654887
31557471
30745214
31289041
30948430
30566373
31101825
31867121
31064979
31379874
30857560
31398345
31553715
31288700
31345081
31242217
30796710
31152066
30677444
31492856
30879640
31646035
30912875
30865231
31463776
31422521
31153469
31748267
31166845
31240817
31106778
31286644
31454122
31647894
31171984
30728228
30650359
31300691
31386851
31018143
31728576
31594794
31370250
31028390
31790803
31652654
31259689
30782781
31678212
30404774
30810797
31482871
31532855
31315896
31156469
31828974
30630880
30686090
30606795
30612166
31767855
31310789
31527874
30793357
31889001
30829373
30777121
30872132
31666698
31825841
31009498
31841944
30975744
31152621
30733380
31728178
31884871
30745239
30889483
31286886
30650089
31634372
31242634
31472382
31694867
31551467
30770479
31197917
31097444
30629995
30759083
31322917
31624074
30733258
31920731
33654928
31001531
31697234
31413363