pmid
30561090
30934780
30755680
31188578
30639807
31133639
31078877
30769002
30579210
30467910
31084540
30853655
31360334
30918282
31099392
30945286
31720540
30582331
31167117
30965663
30701651
30723938
31606638
30397019
30317529
31423618
31500302
31873130
31487538
31792362
30336150
31697950
31204173
31220575
31581960
31117014
30849972
31323329
30703551
31260825
30999973
31386694
30573650
30902922
30473283
31260874
31010368
30420333
30794326
30991050
31255228
29774767
31102432
31263779
31835881
31596512
30944063
31550460
31405117
31440123
30721665
30728369
31146311
31145046
31201802
30805338
30907913
31381342
31300041
31434932
30569361
31255699
31545172
31518776
30472097
31409692
31582559
31120653
31803163
30682369
30790687
31147153
31179692
31894108
31141996
31292557
30717497
30913214
30893562
31461644
30931947
30664962
30867528
30387143
31570001
31502954
31600948
31174272
31071334
30389496
31796423
31629904
30195060
30639211
30650614
30471498
30896066
31281535
31252103
31799178
31616567
30892612
30989809
30948642
30640074
31366118
30615594
31171573
30557607
30986990
30453236
30593895
31322327
31481885
31189383
31499145
30466008
31218647
30351911
31745184
30107225
30917511
30500751
33501054
31511517
30638110
31182814
31221659
30985125
31468519
30845179
30926483
31682871
30614048
31354411
31408700
30651349
30850632
30953790
30815811
30557642
30804011
30556083
31150779
31433973
30784257
31181856
31429094
31417256
31668618
30980582
31824749
30975378
30987969
31509586
30196135
31631563
31413136
31278918
31496957
31763451
30936853
30923328
30919522
30718259
31405994
30951724
31397975
31310794
31616873
31194899
31263281
31116894
30530482
30711857
31213909
31745109
31020299
30919521
30552162
30733552
31772712
31110502
30695021
31460373
30703485
31290212
31485548
30676317
30999602
31004809
30342187
30713073
30467785
31824944
31558619
31143470
31784529
31619681
31546172
31049472
31761670
31411769
31195328
31216754
31059868
30802807
30286424
31388517
31772618
30742830
30431701
31647980
31374495
31054868
31251842
30399530
31100596
31817925
30990508
29383444
31657718
30925946
30952803
31121162
31454410
31391308
31628596
31035240
31450023
31844070
30981015
31578442
31195116
30948076
31235725
30937913
30661092
31249735
31077968
30537636
30047011
31069223
30692543
31206717
31430290
30460553
30973827
31067406
30448419
30600575
30872328
31395429
31018142
31129189
31590334
31324865
30915333
31015569
30684774
31491706
31336923
31519693
31053580
30961891
30909038
31835861
31394372
31185860
31597659
30399559
30987199
31273193
30900860
29052446
30690359
31249862
30771614
31188077
31674770
31001109
32143749
30967106
31609598
30885554
30325051
31453757
31398638
30844262
31267430
31412687
30664660
30626549
31268813
30650362
31433404
30970492
30896014
31348603
30634898
31472190
31160175
31431622
30978384
30890360
31450674
31627361
30981443
29883661
31437728
30676694
31835481
31575545
30851614
30643696
31354531
30833759
30765816
30835163
31129187
31108233
30939177
31095989
31279279
31267752
30219851
31563749
30948475
30851488
31417669
30485616
30772259
31234469
31231471
30550990
31582646
30988505
31421226
30703099
31769753
31220164
30673159
31399780
30735505
31083362
30105442
31660135
30537804
30700401
30384306
31450778
30677650
31754007
31857448
30730805
30418535
31314784
30728237
30933127
31292468
31063751
30320468
31768751
30269941
30708322
31346212
30965180
31146206
31790396
30840854
31614510
31020958
30833947
31067856
31485792
30414415
30802086
31076608
31344535
30219513
30466059
30863287
31730144
31701720
30004646
30669437
31333191
31156382
31338084
31671636
31305811
31432885
30580024
31385482
31439649
31653006
30785842
31206972
31050943
30800060
31049548
31552709
31481433
31287812
31006648
30964393
31529518
30909167
31732531
30917538
30897512
31078818
30716061
31570370
31546036
30811380
30981910
30414580
31425935
31253635
31185462
30674565
31695470
30031067
31370299
31451657
30539402
30403148
30537588
31053690
30958148
30909578
31391343
31442201
31071285
31062588
31515523
31298765
31410315
31997910
30719032
31613605
30985739
31544822
30562153
30959884
30741457
30663479
31235616
31566962
30334640
31428591
31121539
31867007
31350436
31587868
30834446
31301543
31360392
31283224
31330131
31681410
31849940
31341023
31244602
31330507
30818111
31853421
30716091
31202720
31558767
31023925
30939402
30743951
31085416
31119590
30853418
30698850
31645484
31129720
31005017
31237524
30642123
31430857
30423447
31156607
29882348
30855222
31644945
30862798
31451709
31230718
30193787
31611882
31628109
30805367
31255230
30607697
31180321
30552719
30948710
30838208
31078031
31087336
31732144
31402105
30992325
31605703
30928664
31546705
30802431
31718148
30659109
31430520
31031593
31620110
30559304
31476325
31254851
31462001
31132644
31112526
31354791
30708151
30881223
29481830
31048899
31742435
30759383
31211981
31190101
30591527
31868592
30837568
31882772
31351052
30312775
30970040
30997663
31445229
30664616
30916346
31304932
31299707
31422819
30708158
30884764
30496952
30366034
30889190
30290360
31478373
31140649
31160803
30408483
31575636
31849467
31920556
31023151
31644553
31433188
30578594
31111266
30612050
31430272
31609202
30551509
30506969
31053140
31114004
30676034
30659112
30359930
30693866
30904594
31094706
31849893
31259535
31010672
30962435
30871191
30700248
30579696
31113616
31417197
30267906
30787917
30791195
30790758
30735487
30975277
31292963
30623296
31125918
30653529
30688554
31157768
30317088
30193395
30583213
31266652
30468642
31231585
31267104
31375626
30844374
31097745
30631052
30544196
30508752
31386838
31675500
31017539
30992276
31181518
30616058
31455734
31853419
31908417
31752171
31247319
30809154
31509926
31370934
31398340
31704204
30609359
31423734
30419398
31228306
30321068
31539807
31847405
33319959
31220269
31014479
30884731
30530630
31233021
31050647
30573563
30889543
30677514
31073745
31085211
31443239
31107459
30796085
31349972
30445396
31076096
30910126
30569562
30659200
31503551
31470549
30857219
31444245
31155037
30836032
30778205
31052497
31466915
30629986
31445443
31404734
31395869
31847025
30390580
30478450
30981924
31674164
30694734
30304553
30851849
30826063
31548418
30503500
31775627
31404503
31366618
30941194
31444283
30659619
30497028
30678970
31068653
31634996
30692930
31625691
32186159
31378782
31080065
30373933
31454653
31221719
30502465
30678101
31542702
31671694
30806141
30778773
31713425
31868166
30742093
31015532
30958465
31370936
31743664
31091225
30624971
30630974
30873893
30978650
31393625
31418901
30316892
31178398
31126903
31520953
30448702
30711748
31548912
30981506
30917585
30414561
31117844
31673159
31068624
30357251
31740535
30693376
31386281
30809125
31071662
31004905
31277008
30657763
30653507
31135129
30731157
31319296
31001718
31638788
31574395
31670325
30629468
31230713
31773380
30629146
30766655
30265925
31515109
31704768
30689162
30826460
31176896
30912647
31671369
30448753
31129053
31567362
31146388
31060551
31134197
30668376
31158445
31551905
30834156
31633335
31746882
31578369
30755645
31386814
30663052
31071948
30919953
30578442
31316063
30849559
31268507
31349731
30261318
30999617
31344827
30418105
30031061
30677530
31301631
31659260
31157517
31527394
30945634
31261758
30880002
30877126
31418211
31271998
30674345
30319015
30758177
31462198
31777597
30530837
31548281
30962446
31029691
31106068
30900988
31586484
31788521
30663848
30842662
30747102
31653925
30728111
31162046
30979021
30684730
31251109
30689892
30950042
31448289
30931985
30222999
31314708
31582816
31715490
30978398
31255859
31822609
30912343
30399382
30446534
31201879
31048017
30846767
30977968
31337186
30683671
31506453
31227169
30681408
31249690
31039421
31139625
31591559
31260918
31831591
30714844
31787979
30455415
31645763
31453809
30992706
31803009
31527027
31353700
31799436
31055217
30595521
31499110
31776394
30733672
30833296
30685670
30837221
30999174
30467178
31959294
31305518
30458250
30759554
31271768
31495694
30894803
31079683
30288633
30329080
30948498
30784797
31271227
31692872
30439497
31140357
31010473
31555522
30897467
31178691
31177533
31654679
31324069
31488564
30807551
30755067
31022476
31017557
31892211
31709981
31571582
30601704
31177768
30991727
30940554
31132555
30692167
30844738
31474857
31878274
31390943
30976165
30963621
30296529
30407522
30922236
31803740
31745086
31505048
31185584
31128943
31306805
31039627
31160780
30863436
30504272
30685453
31784460
31134275
31586276
31468080
30851936
30938251
31041306
31545209
30810927
31366908
30683896
31454568
30660979
31118240
31271907
31549371
30615917
30742890
31614893
31792261
30366094
30903017
30968154
31780714
30667438
31161721
30695061
31015218
30941185
31180326
31030196
30862666
31708433
31130675
30681411
30962281
31783553
31383689
30889933
31827208
30775968
31792295
31231791
30763636
31740673
30949046
30823496
31828085
30849367
30824539
31566606
31274845
30877311
30656567
30773277
31600690
30447180
30891030
31476667
30981829
30396023
30663701
31616254
30765521
31058898
31708968
30930047
31176200
30985364
30764634
30387718
31554324
30906251
30800507
30834569
31670349
30633441
31394324
30682635
31158586
30939052
30755616
30894119
30544157
31547527
31780949
30825002
31136824
30623840
31380595
30448747
31130617
31717492
30986341
30760879
31683705
30615627
30472784
31455847
31470468
31748465
31746608
31002727
30734773
31473909
30472611
30596135
30712342
30423371
31067451
31246274
30823425
31195038
30324727
31662454
31157782
30936022
31661769
30625048
30938001
30863400
31369557
30431194
31031140
31394789
30527999
31034238
31690905
31016744
30715179
30724719
30457942
31202882
31216456
31358486
31024503
30627748
31527654
31154201
30958096
31363378
31636113
31120251
30978471
30253258
30244055
31545789
30614537
30239720
31717750
31381491
31609330
31325757
31195325
31022537
31336087
30700500
30060180
34465714
30942141
30558483
31022185
30710110
30827088
30548797
30824551
31140799
31436106
30660906
31772022
30711474
31491566
31748748
30837630
31201839
31542703
31437548
31058148
31675179
31752924
31286368
31123246
30215740
31268095
31374294
31866993
31317780
30933982
30273734
31017898
30785394
31803030
30575203
30604284
31507372
30875258
32064309
31575858
31704960
31357341
31378609
30700796
31032947
31199245
30904655
31142539
30414894
31419664
31998714
31421397
31390119
31882701
31160420
31114557
31635144
31421573
30902983
31205004
31028150
31125665
30696958
30393112
31197194
31085596
30267710
30994044
30593611
30699329
31020413
31708392
31483778
31371827
30710780
30384310
31564455
30852708
31480793
30685545
30421074
31178754
30419393
31483957
30585776
30880177
31215916
30900191
31634367
31043511
31660551
31614249
31689360
30395926
30620332
31355359
30972727
31690782
31618578
30807815
31374296
30345536
30703632
31474838
31551963
31036939
30873407
31278452
30641117
30634066
31934309
30923050
31474366
31740533
31341187
31505186
31400307
31052313
30417249
31301181
30387591
30321412
30615274
30867839
31066902
31323059
31381288
31595152
30802654
30833327
31136852
31246560
30460707
31355747
30844417
31498321
31039438
30362532
31553635
30965086
31477754
30837472
30246374
31248729
31592084
31096425
31476374
31289692
31326023
31042481
31434190
30885742
31791229
30204052
31120796
31562366
31734279
31165584
30964290
30926469
30423456
30818338
31148267
31408407
30863428
33501086
31269749
31301272
31183681
31263965
30925897
31039533
31849593
31051115
31731716
30769046
31665242
31575020
30925821
30439637
31408752
31434792
31623237
31297131
30919514
31273085
31536612
31806011
31028770
31203546
31520739
30599417
30465971
30819644
31365871
31507454
30572006
30693020
31561291
30901660
30851588
31378926
30987331
31217350
31075971
30267647
31035547
31086704
31527550
31271837
31142542
30708965
31272002
31526847
30315675
31411107
30959454
30899431
31464029
30914911
31748696
30615194
31342754
31078678
30856611
30995799
31160672
31107462
31429823
31175121
31262711
31336235
30735975
30677730
31817450
30694655
31254777
30837605
30411347
30384064
31106771
30690405
30872793
30895220
30941426
31446068
30710827
31048160
31099941
31766290
30563618
31144234
31168896
31451113
31597660
30682743
30671985
31766758
30890523
31091161
31607872
31290903
31912693
30832475
30913406
30196226
31214694
31719172
31376802
30742435
30609410
30720231
31312422
31257865
31689088
30893868
30899048
31132477
31083940
31077712
30978596
30350425
30641053
30642834
31228301
31647655
30393146
30735129
30411440
31533325
31414801
30817317
30661770
31190600
30443774
31619461
31259685
31179693
30739784
31151179
30528700
31877791
31562209
31451618
31130285
30905685
31364450
30428046
30688331
31136897
30557756
31640669
29748917
30935028
31264162
31561131
31313988
31164413
31254606
30826680
30787340
30965376
30907894
31147700
31591961
30528257
31370288
31491517
31348957
30453007
31112733
31015398
30592132
30836824
30685466
31301200
30797066
30532971
31614245
30459392
31308547
30566325
30318233
34530988
31444362
30711622
31807348
30513192
31454576
31147015
30645113
31484079
30462579
31461353
30534785
31446084
31195115
30507171
30594692
30996251
31540902
30801247
30466017
31035246
30772509
31554517
31302463
31290185
31852531
30921638
29607746
31355732
31665626
30659929
30926508
31223282
31402282
31401519
31189567
31825845
31666235
30875502
31849979
31849612
30986853
31467083
30317609
30364989
31306677
30797972
30791463
30911050
31723061
30958591
30726219
32341966
31167777
30759393
31216245
31251593
30265930
31715477
30687390
30592052
31379925
31048927
31364673
31668233
30578342
30468812
30946762
31835755
31087453
31546038
31691805
30615210
30863298
31301284
31042281
31369985
30753596
31544554
31656902
31636606
30631093
30665888
30684457
31028766
31536467
31389706
31012849
30439561
30516976
30701084
31255755
31097478
31058587
31263170
32380620
30773315
31295389
29869716
30387501
30898597
30677064
30648819
31226596
30639872
31417497
30468770
30954810
31126091
30455348
31638020
30878645
31547881
30121474
31377156
30718751
31731399
30590163
31088301
31305910
31254858
31130938
31445440
31451030
31179547
31413047
30843204
31336931
31578350
30799173
30951722
31227799
31015421
31127085
31511326
31242036
31827707
31613896
30615901
31128390
31000720
30718621
31720667
31595636
30516436
31801207
31666796
31091274
30496951
31178320
30989427
31319311
30977151
30321647
30768618
31076752
31152978
31576876
31112751
31022508
31302947
31361134
30917323
30759808
31920481
31390621
30939968
31959296
31799391
30932217
30200754
30675609
30965179
30761080
31010479
31678746
30716520
31722126
31063042
31128281
31112700
30413644
31048033
30475641
30862080
31376984
30523746
31694641
30886241
31118414
31159511
30321397
30735119
31436412
30399439
30863372
31593207
30445451
31042116
31834350
31439844
31440095
31606661
31188070
31590237
31209726
31078959
31878135
31227764
31044488
31754141
30760484
30172631
31689425
30513239
30956031
31772307
30334080
30635284
30889406
31512327
30992063
31322169
31635129
30586568
30951885
30684511
32380631
31533925
31348989
30481142
30590535
30239721
30395803
31248380
30718891
31276698
30861618
31885652
31566642
30971915
30711760
31420451
31531120
30927522
31558744
31352076
30520004
30426273
30981909
30673610
31727854
30874468
34466458
30948426
31483338
31596293
31691804
31180320
30884899
31518955
31629190
31671316
30562001
31412527
31541015
31101663
30521901
31479440
30996130
31606642
31101894
30974150
31700678
33464065
30650599
29876880
31030049
30560503
30713631
31394080
31374386
31100023
30098316
30906313
30858407
31399345
30828385
31433962
30336175
31831839
30855581
31665914
31606647
30663673
30586321
30588557
31373552
30872640
30986451
30770646
31443416
31336221
31349543
31381931
31040768
31097578
31555278
30689187
30878792
31524599
31522005
31584127
31296872
30597363
31415728
31474371
30773949
30468887
31198993
31158742
30891338
30417250
33395817
30273578
30770566
30612902
30784915
30593828
30658072
30287385
30408601
31520651
30952923
31871898
30296778
31585298
31781278
31583177
31602413
31343764
30890948
30707026
30944477
31416900
31600709
30895702
30693000
30482793
31799046
31921845
31767567
31472116
31285642
31121238
31209261
31481398
30685544
30468864
31257146
31786070
31296382
31123578
31024528
31400828
31166625
30389486
30292047
31445892
31336432
31463743
30339727
31468037
30359749
30932076
30622326
31445453
30669572
31829936
30955936
30508673
31487962
31444339
30760547
30785284
30625662
30701273
31690186
31470984
30765415
31253713
30945804
31905638
31392637
30588759
30679186
30864794
30974358
30609084
31029311
31641127
31370925
31061071
31703435
30682746
31331338
31203793
31199790
30808747
31038233
30300572
31993329
30922875
30180323
30561643
31744142
31444410
31671090
31138706
30445619
31240264
31606639
30520632
31201343
31371482
31445681
31882844
30893755
31665679
30428031
31619590
30965279
31077286
31082519
31386244
31526479
30629186
31404492
31004640
30025483
31541778
31475975
30820632
30653551
31115172
31659707
30553213
33543012
31267005
30943395
30242697
30949029
31076515
30011007
31466069
31186668
30879165
31238903
30781642
31238190
30792658
30884004
31877895
30630144
30811981
30244056
30687705
30448381
31274098
30421356
31528960
31176715
31537465
30797802
31330310
31182280
31359064
31399485
31360546
31218026
31357477
31136875
30653968
31485519
30864180
31110923
31540899
31014480
31342352
30965548
31068795
31083995
31624125
31497723
30846611
30910208
31110287
31143500
31438982
31557631
31835035
31314655
31412047
30674580
31766664
30485828
31178400
30970187
31400679
31014489
31208154
31152784
31156639
31637136
31360547
31847081
30569449
30144930
30408747
31299224
31436486
31116194
30834891
31525146
30723090
31499217
31635133
31100591
31852637
32133425
30713074
30718228
31137726
30131593
31327756
30945334
30862716
30936115
31649682
31234542
31625722
30456988
31745778
30682622
30890583
30709055
31555292
30818081
31702553
31211960
31667472
31545225
31391079
31610528
30943442
31322700
31171632
31357563
31505835
31729395
30509968
31393264
31501447
31127312
30661757
31057328
31060508
31676430
31328200
30831495
30854407
31383797
31401652
31277602
31132538
30768081
31425978
31112695
30763833
31195360
30525471
31389079
30471337
30907958
30970016
30842511
31606087
31279824
31836778
31054873
30876927
32399571
31091229
31365163
30732743
31031000
32255004
30466034
30620337
30401983
30641185
30886845
31178719
31291598
31500563
30656936
31634535
30779743
31451684
30518864
30708991
31698882
30366264
31028991
30952084
30692643
31711007
30635353
31038457
31662097
32721109
30927586
30245255
30268771
31075101
30539950
30799954
31314675
30745143
30698747
30772485
31475990
30845151
31048169
31424443
31959297
30576927
30781732
31543974
30916986
31817908
31172260
31754327
30573510
31558681
30390549
31417608
30832224
30763319
30443836
30877030
31702554
30521821
31793875
30621336
30755665
30871986
31311575
31067299
31077970
31043432
30630825
30986591
30710618
31404901
30678738
30867490
31727891
29502161
31189101
31220074
30721868
31293455
31079899
31023879
31220619
30972460
30484103
30862837
31450418
31398420
31295059
30648576
31155050
30925159
30817032
30657620
30773582
30243171
31612344
31310986
31597731
30267656
31023337
30901706
30365047
30724716
31450222
31624259
31112420
31015947
31249786
32255132
31120644
31582762
31057399
30739855
31368501
30844699
30612570
30787324
30173025
30946939
31229889
32694805
30613898
31533491
31073223
31367256
30662791
30791235
30291668
31533997
30836120
31136153
30645092
31480804
30611731
31327662
31327510
30784759
30715372
30639578
31195263
30694176
30668673
30691337
31656113
31813454
31623313
30612646
31034836
30718484
31216234
31322159
31821372
31196977
31620135
31031705
31512825
31315925
30932814
31493818
29577999
31611800
30947959
31817812
31076485
30644404
31150796
31959293
31140974
31649245
31352099
31663848
31108416
31048699
31562326
31629951
31784584
30682400
31687491
30141000
30898970
31014390
31492028
30392874
31653878
31602956
30445021
30867425
30934904
31501192
30855334
30802632
31295752
30553212
31387361
31337771
30952268
31767872
30685031
31508644
30455199
31873493
30089359
31076454
31488837
30952866
31432619
31799489
31882661
31382562
30393177
31882937
30609757
31708779
30858296
31132737
31091804
31349890
30807602
31619003
31495257
30746688
31418859
30635804
31285319
31509740
29981211
30703548
30692914
30345480
30321396
31369921
31063912
31182117
31136804
31863055
31319295
29989844
31533776
30972573
31208990
30929901
31412282
31231513
31295072
31331820
30905607
31871648
31399534
29577680
30875791
30801688
31337664
29684426
31164446
31654769
31698871
30784778
30793540
30716645
31064661
31671093
31211994
31389051
31086370
31291987
31167131
30608099
31259913
31713449
31518775
30630989
31673028
31120920
31507237
30329053
30471308
31358358
31126002
31182629
30847362
31881982
31315484
31145047
30461368
30326259
31346515
31463621
30496757
30942079
31082606
31352214
30549284
31325454
31116880
30892626
30901881
30600066
30443966
30677711
30747917
30412739
30579175
30609549
31384916
30664786
30264455
31024847
31554831
30593510
31652602
30801852
31325155
31436969
30955321
30371853
30861370
30681694
30361820
31588747
30109407
31227751
31417560
31495570
31050327
31309582
30543862
31024003
30825681
31359674
30374992
30880191
30737391
31236475
30875831
31556611
31371755
31233899
30469006
30367725
31096646
31333458
30705059
31429822
30422102
30991053
30705153
31495890
30834154
31185350
31158233
31311924
30872660
31317185
31702459
30814609
31591562
31251046
31095444
30611076
31730619
31085203
30821975
30472261
30685465
29619636
31015910
30395882
30836799
30569538
31158555
33654957
31561294
30865910
31518677
31589917
30358522
31551508
31618284
31501519
32042835
31300417
31616320
30928526
31396063
31488853
30724926
30336314
31276389
31054948
31741801
30921659
31018131
31126979
31647904
31406347
30763790
30835168
30784758
30607882
31249105
31861170
30710667
31795436
31216548
30391894
31280521
31605158
30684501
30824836
31616300
31022495
30769863
31048005
31202967
30862518
31619580
31793434
31799290
29728705
31859630
31045209
31197206
31475244
31487536
30668682
31104935
31063728
31544617
31149640
31719041
31273575
31203368
30729178
30195183
30316835
31480840
31362746
31188030
31068282
31283170
31586458
29464595
30690384
30738228
30896968
31321577
31465732
30307508
31081268
30625198
30174051
31449834
31013929
30504422
31747871
30638492
30573666
30830239
31110322
31049002
31186352
31562193
31275244
31064769
33405791
31278008
31324766
30920010
31480347
31105084
31231312
32954262
30816294
31492659
31469368
32863393
30826544
30502466
30097810
30741925
31214157
31014006
30445463
31030041
31724677
30996781
31637422
31721559
30858204
31203412
31291540
30472098
31796593
30733682
30445404
31315019
31030181
31107458
30518608
30777146
30930946
30842432
30878773
31861850
31385694
30759148
31498774
31415798
31053568
31563029
31429079
31095378
31367042
30444277
31564433
30581008
31140476
30044923
30796953
30827341
30508625
30817176
31526472
30797515
30059920
30861003
31504981
31029961
31062618
31311485
31167819
30579599
30452546
31036752
30384587
31171717
30708167
30850176
30949217
30295906
30239974
30865447
31706009
31552926
31254662
31199673
31816968
30833887
30708051
31202990
30798055
31228518
31036921
31061445
30195710
31636353
31188086
31696868
30643215
30255506
31512522
30652683
31731471
31237527
29486245
31375478
31100406
31585087
31102721
30221808
30549182
31422478
30867526
30954817
30252437
30787383
31202080
30671659
31851358
31372513
31466309
30578626
31645615
31777868
32255080
30877134
31398226
31377237
31494397
31330852
31132752
30925289
31557523
31219592
31444829
30856616
30835740
30684465
31636951
30924555
31547406
31408795
31379599
31541803
33654828
31816958
30930779
31017740
31799250
30774603
31155356
31270539
30837464
31451106
31255847
31630980
31031007
30248354
31197504
31591962
31001974
31105043
31471458
30884105
30890159
31200543
31427568
30847897
31565521
31837439
31547905
31647063
30482907
31241925
31457013
30696861
30528920
31026665
31383248
31403159
30674556
31882853
30737307
30817178
31004833
31795276
30504219
30717314
31140561
30476525
30876941
30948728
30986597
31139267
30760481
31787873
30717094
30803946
31613219
31433980
31634662
31452940
30642690
31427288
32185932
30840836
32855627
31239465
31509406
31617754
31095607
30860220
30818116
30941049
31415773
31149642
31712630
30897470
30339470
31010223
31006651
31321794
31551355
31500159
31195222
30889462
30930855
31974005
32123813
30959436
31638771
30724799
31509458
30458291
30875027
30648973
30496739
31353368
31566834
31078557
30540170
30779379
30678229
31245369
30616104
31108448
31444219
31442592
30215151
30525561
30692937
31373315
31832066
31183407
31272786
31670616
30776420
31041599
30657480
30827500
30951627
31290868
31461301
30366009
31757048
31433981
31354100
31013949
31425999
30720069
31618634
30615915
31279081
31129159
30733854
31868165
31055152
31498360
31738530
30976283
31712603
31797887
30823661
31085547
31544968
31112696
31616250
31983901
31645101
31293590
30886848
30885821
31096881
30921435
30945108
31664867
30407545
31412255
33654816
31163169
31731811
31085351
30242590
30360275
30611799
31172221
31090719
31269894
30390505
30933078
30703550
31289317
30790321
31436086
30943046
31036548
32292892
30222526
31506555
31176867
30732533
30648943
31394448
31123345
31794598
31725167
30706384
31024257
31069942
31509935
30929741
30755533
30426512
31580219
31247439
30746966
31884959
30579125
31316065
29958859
31428635
31220523
31558755
31678534
31831016
31884948
31462068
31546644
30730292
31456914
30773794
31689401
30753916
31472989
30638933
31061452
30953679
31356965
31132532
31650065
31101000
31617658
30802536
30989981
30897415
30593901
30995231
31817501
31369798
30887260
31754462
31048237
31058471
31212893
31662156
31386856
31271997
30418488
31545911
31078089
31004822
31518357
31635214
30626089
31762529
31270209
31226010
31412491
31358991
30559456
31255700
30707688
31702913
30950260
30605867
30856410
31361595
30308910
30889910
30366296
31625906
31402090
31248596
31546739
31071303
30811188
31273051
31431477
30529917
30805984
30741975
31307377
31788596
31518507
31638182
30802625
31197299
31387182
31006646
31564611
31539493
31327717
31057394
30377750
31047774
32648674
30944473
31029426
31437491
30853897
31393713
29653088
30471494
30668749
31921316
31325771
31131886
30724674
31296860
30773488
31929505
30745140
31293155
30924929
30922939
33654992
31657894
31160464
31138874
30982608
30711858
31680844
31578773
30696734
31642404
31107449
31113326
30982838
30336432
31478836
30911742
31434971
31374588
31484062
31905670
31272148
31391275
31175226
31376794
30794533
30900770
30858575
30928773
31352104
30822702
31291720
31454009
31663849
30284317
31881740
31268696
30904758
31406136
31746596
30453072
30762877
31159137
30476307
31398318
29935279
31078061
30929607
30253254
34466457
31349431
29927762
31671767
30813944
31001250
33137747
31788507
30265938
30981106
30823450
31246040
31511515
30811601
30703098
31211993
31170402
31690747
30415017
30878350
30205345
31532625
31352142
30467204
31357375
31400510
31228453
31018211
31591228
31504428
30572093
30500605
31744421
30893815
31152064
31612865
30718768
31502176
30684641
31220433
31182918
31189662
31671552
30946978
31004821
31223462
31102591
30118815
30996961
31268746
30399397
30676840
31136157
31270320
31300674
30650349
30669116
30789953
31685997
30502388
31302723
31805133
31436139
30855229
31001541
31287821
31803073
31259764
31786062
31342209
31541821
31861238
31396792
30928742
30688650
31091192
30721228
30300574
31192207
30553216
31323192
30289172
30402654
31048868
31018538
31400664
30423455
31548178
31520449
30517881
30721676
31234506
31088918
30881662
30609407
31191456
30867981
30953897
30580041
30447611
31267131
30388543
31416573
30938679
30661753
30500453
31450443
31439819
30986388
30917915
30925721
31328500
31342410
30901518
30623975
31600704
31498322
31842983
31471293
30296763
31861246
31679058
30811206
31519199
30923675
31136010
31541083
31453304
31397841
31483678
30579792
30842911
30327840
31034029
31128448
30886106
30968686
32255126
30771440
31608426
31419757
31541136
30607417
31362982
30295714
31622693
31002663
31607853
31585074
30942868
31539498
31493275
30769281
31285509
31237233
31601932
31830135
30807782
30726116
31646185
31336107
30763072
31469868
31872801
30382466
31026696
30849589
30958870
30802512
31383854
30972039
30590588
31618985
31575928
30995487
30953479
31359052
30389644
31118344
31651360
30523745
31454991
31013465
30308351
31398778
30328791
31993544
31383755
30620237
30615409
30891356
30982665
30521027
31513657
30052798
30825855
31685650
30985748
31854795
30569354
31493817
31200068
30655599
30560807
31378674
30761002
30728389
30743075
30735371
30766531
31146177
31210623
30760708
30805939
30779935
31585201
31642405
31594822
30660971
30266436
31497403
31371562
30716445
31146323
31513014
30858049
31188878
30388224
31560986
31145051
31703616
30894603
30909129
31023836
31173907
31154177
31003133
31311951
30991138
30660479
30904762
31530540
30525496
31959295
30446521
31072958
31848345
31513589
31231338
31828088
31890052
31167134
31078873
30685088
31610034
31563616
30858282
31608127
30884228
31174991
31035248
30921723
30472253
31078694
31074886
30566586
31255843
31197165
31147152
31177773
31306709
31546070
31553903
31197601
31519892
31237961
31474562
31801952
31044090
30585775
31582381
30835462
31037784
31515263
30580138
31288122
30648579
30380119
31082517
30269372
31330433
31075501
30849304
30105671
31448141
30852291
31008378
31351039
30376466
30111845
30939406
31488879
31578390
31645010
30178621
31199900
30625654
31331464
31455083
31340810
31585086
30606747
31758198
31010032
31242033
31671854
31063133
30579288
31722976
31010708
30860164
31592175
31519333
31505831
31644901
30770889
31356837
31064821
31207891
30339321
31476133
31674767
31890051
31471016
31260868
30684493
30608921
30518298
31562489
31533079
31518687
31220415
31277384
31227602
31379129
30939077