35468401
35468283
35468158
35467411
35467408
35467407
35467403
35467399
35467371
35467369
35467366
35466491
35465156
35464993
35464960
35464949
35464365
35463681
35463633
35462840
35462705
35462198
35461913
35461321
35460999
35460768
35460243
35460193
35458799
35458776
35458737
35458637
35458561
35458437
35458417
35457206
35457049
35456918
35456916
35456882
35456877
35456875
35456873
35456850
35456830
35456826
35456779
35456768
35456751
35456146
35456131
35456107
35456063
35454680
35454160
35453030
35452730
35452241
35451824
35451743
35451653
35451479
35451123
35450786
35450515
35449921
35448378
35447903
35447342
35447310
35447184
35447183
35447050
35446884
35445151
35445137
35443590
35442962
35441437
35440653
35439600
35439559
35439554
35438977
35436900
35436875
35436577
35435968
35435751
35435709
35435702
35435263
35433835
35433627
35433595
35432328
35432268
35432262
35432261
35432247
35432230
35432223
35430877
35430467
35430268
35429815
35429688
35429437
35427966
35427957
35427955
35427858
35427830
35427829
35427607
35427384
35426255
35426251
35425613
35425473
35425125
35423476
35422790
35422497
35422477
35421783
35421458
35421436
35420491
35420483
35420470
35419861
35419823
35418967
35418960
35418957
35418674
35418239
35417797
35417701
35416713
35416702
35416690
35416681
35416680
35416147
35416085
35415828
35414748
35414142
35413802
35413521
35413450
35413299
35412627
35412362
35412092
35411890
35411234
35411160
35411158
35411154
35410123
35408901
35408576
35407133
35407062
35407047
35406987
35406632
35406099
35405379
35404965
35403751
35403637
35402433
35402425
35402317
35402307
35402304
35401483
35401472
35401447
35399616
35399144
35398987
35398806
35398799
35398400
35398213
35398129
35398118
35397285
35396364
35395759
35395365
35395311
35395308
35395269
35392607
35392367
35391738
35391726
35390554
35390382
35390063
35389254
35389235
35388483
35388218
35386319
35386307
35385351
35384705
35384257
35384175
35383285
35383069
35382464
35379441
35379436
35379360
35379181
35378620
35378604
35378202
35377213
35377132
35373364
35372567
35372317
35372246
35372231
35372128
35372124
35372120
35372117
35369520
35369511
35369484
35369464
35369456
35369431
35369425
35367880
35367605
35366344
35365862
35365689
35365662
35365210
35363943
35363104
35361990
35361162
35361106
35360652
35360101
35359842
35359719
35358636
35358322
35358316
35358221
35358031
35357969
35357269
35357211
35357210
35357205
35356891
35356528
35356511
35356018
35355602
35355118
35354945
35354484
35353264
35352964
35352958
35352660
35351585
35350815
35350764
35350628
35347261
35346654
35346525
35346469
35345891
35345473
35345436
35344558
35344362
35344092
35343795
35343177
35343046
35342021
35341957
35341315
35340673
35339737
35339675
35339466
35338973
35338932
35338663
35338238
35338236
35337865
35337697
35336237
35336235
35336230
35336216
35336207
35336192
35336183
35336163
35336162
35336097
35336087
35336071
35336058
35335962
35335958
35335673
35335647
35335395
35335369
35335270
35334273
35334272
35334270
35333870
35332832
35331957
35331763
35331379
35330762
35330761
35327556
35327432
35327282
35326376
35324969
35324924
35323968
35323827
35323675
35323040
35323034
35323025
35322691
35322038
35321311
35321080
35320810
35320327
35319646
35319277
35317618
35317616
35316421
35316308
35316014
35315768
35315732
35315698
35315696
35315547
35315272
35314281
35314197
35314177
35313893
35313739
35313120
35311590
35311582
35311576
35311538
35311534
35311529
35311523
35311522
35311520
35311294
35310391
35310377
35309427
35308494
35308352
35308347
35308345
35308196
35307599
35307520
35307495
35307226
35306984
35306531
35306411
35306131
35306090
35306086
35306061
35305488
35305247
35304330
35304254
35304205
35304179
35302703
35302032
35301827
35301647
35301418
35301310
35301137
35300650
35300486
35299835
35298428
35298369
35298339
35297612
35297368
35294459
35293804
35293798
35293783
35293513
35292708
35291951
35291010
35289297
35288333
35287818
35287597
35287060
35286935
35286659
35286577
35286253
35285707
35285704
35285291
35285252
35285243
35285051
35284046
35283967
35283944
35283848
35283838
35283837
35283830
35283332
35283314
35281762
35280558
35280554
35279930
35279696
35278997
35278945
35278942
35278912
35278563
35278426
35278025
35276198
35276164
35276150
35275981
35275806
35274289
35273579
35272349
35272014
35271923
35271648
35271599
35269627
35269459
35268794
35268242
35267711
35267336
35266822
35266795
35265060
35264857
35264647
35264618
35264602
35264582
35264215
35264204
35264096
35263355
35263219
35263183
35262374
35261334
35260345
35259594
35259381
35259375
35258680
35258329
35258322
35255863
35255160
35254957
35254818
35254524
35254167
35254090
35254043
35252674
35252130
35252029
35251780
35250940
35250936
35248567
35248560
35247696
35247556
35247153
35246736
35246717
35246663
35246362
35245718
35245682
35245637
35245555
35245551
35245298
35244335
35243556
35242771
35241915
35241371
35241171
35240288
35240202
35239330
35238683
35237932
35237702
35237249
35235801
35234513
35234511
35234510
35232503
35231503
35230889
35230447
35230155
35230128
35229875
35229120
35228362
35227945
35227842
35227203
35227071
35226640
35225687
35225398
35224081
35223199
35222705
35222342
35222331
35222329
35222307
35222301
35222291
35221271
35220467
35220117
35220008
35219935
35219595
35219207
35219009
35218030
35218003
35217162
35217161
35217150
35217140
35217051
35216256
35216118
35215934
35215551
35215166
35215122
35215091
35215086
35214658
35214648
35214036
35213810
35213650
35213556
35212481
35212479
35212478
35211109
35211098
35210792
35210193
35209073
35208933
35208923
35208922
35208897
35208871
35208866
35208776
35208768
35208758
35208756
35208701
35208680
35208679
35208658
35205220
35202096
35201873
35201862
35199644
35199309
35198455
35198129
35197953
35197945
35196818
35196816
35196810
35196805
35196800
35196792
35196612
35196501
35196217
35196154
35195438
35194656
35193963
35192886
35192828
35191762
35191475
35191071
35190937
35190510
35189952
35189751
35189265
35189229
35189224
35188588
35188433
35188102
35187880
35187773
35185838
35185827
35185820
35185814
35185811
35185139
35183943
35183662
35183626
35183173
35183053
35182464
35181368
35181199
35180845
35180690
35180669
35180521
35180367
35179656
35176704
35176652
35176043
35175912
35175332
35173695
35172602
35172395
35171906
35171032
35171030
35171007
35170998
35170996
35170159
35169997
35168799
35168709
35167966
35167684
35167277
35166651
35165456
35165352
35164566
35164554
35163756
35163280
35163197
35163052
35160232
35159482
35158247
35158246
35158077
35157875
35156855
35156609
35155654
35155648
35155645
35155372
35155281
35154037
35153244
35152708
35152319
35152113
35152101
35152091
35151733
35151727
35151236
35150597
35150435
35149504
35149265
35149013
35148491
35147175
35145491
35144553
35144128
35144043
35144012
35143891
35143795
35143120
35143031
35142967
35142450
35142197
35141763
35141306
35140888
35140696
35140037
35139923
35139905
35139420
35139072
35138195
35138168
35138167
35138158
35138151
35137684
35137494
35136968
35135624
35134741
35131334
35130728
35129657
35129256
35127562
35127141
35126539
35126341
35126332
35126321
35124867
35124766
35124457
35124256
35124176
35123130
35122847
35122749
35121454
35121038
35120928
35120555
35120460
35119826
35118518
35116194
35115790
35115599
35115588
35114194
35113779
35113183
35112568
35112509
35112354
35111779
35111699
35107663
35107386
35107363
35107359
35105335
35104539
35104511
35104206
35103849
35103598
35103597
35103490
35101713
35101514
35101502
35101484
35101170
35100991
35100868
35100802
35100165
35100052
35099610
35099182
35099107
35098909
35098269
35098268
35096295
35095808
35095797
35095785
35093846
35093750
35093453
35093375
35093343
35093183
35093160
35093029
35093006
35092634
35092567
35092131
35091251
35091250
35091189
35090847
35089940
35089067
35088963
35088588
35085844
35085717
35085630
35085628
35085556
35085312
35084993
35084596
35084583
35082767
35082060
35081663
35081392
35081149
35080471
35080443
35079098
35078531
35078402
35077813
35076956
35076804
35076267
35075990
35075262
35075234
35074753
35074752
35074748
35074617
35074475
35074363
35074246
35073757
35073755
35073754
35072512
35071400
35070166
35069480
35069473
35069471
35069468
35068933
35068599
35068536
35066765
35066490
35065607
35065306
35065252
35064407
35063836
35063626
35063599
35063519
35063512
35063036
35063026
35062236
35059235
35058779
35058492
35058462
35057931
35057754
35057572
35056900
35056783
35056645
35056634
35056598
35056595
35056589
35056585
35056575
35056569
35056539
35056538
35056511
35056461
35056039
35056029
35056007
35055181
35054915
35053887
35051817
35051480
35051473
35051461
35050873
35050719
35049114
35047590
35046927
35046923
35045829
35044947
35044759
35044470
35044295
35044218
35042478
35041982
35041973
35041966
35041919
35041511
35041266
35040920
35040701
35040700
35040689
35039588
35039517
35039508
35038926
35038925
35038921
35038918
35038910
35038907
35038864
35037812
35037462
35037167
35036469
35036113
35035910
35034590
35034585
35034324
35033842
35033645
35032606
35032208
35032196
35031913
35031375
35030982
35030524
35030489
35030440
35030359
35027057
35026418
35026254
35026253
35026238
35025975
35025730
35024965
35024941
35024089
35023294
35021106
35021083
35020771
35020524
35019780
35019777
35019774
35019689
35019684
35019682
35019676
35019198
35016930
35016024
35015630
35014598
35014098
35013297
35013063
35012353
35012352
35012306
35011969
35011729
35011563
35011428
35008622
35008587
35008521
35008445
35007738
35007603
35007529
35007138
35005555
35004358
35003909
35003759
35003274
35003019
35003015
35003014
35002737
35002451
35002442
35001009
35001006
35000212
35000007
34999340
34999189
34998828
34998768
34998765
34998184
34995606
34995584
34995388
34995279
34994862
34994567
34993654
34992843
34992394
34992390
34991867
34991700
34991516
34991476
34991453
34991006
34990692
34990667
34990606
34990042
34990038
34989967
34989942
34989245
34989177
34988389
34987489
34987223
34986574
34986571
34986196
34984631
34984498
34983642
34983520
34983506
34983128
34982994
34982977
34982550
34982441
34982234
34982178
34981906
34980247
34980113
34979468
34979393
34979232
34979128
34978887
34977133
34977105
34976932
34975795
34975790
34975778
34974089
34974005
34974001
34972828
34971880
34971878
34971779
34971775
34971703
34970251
34970235
34970233
34970231
34969351
34969161
34966728
34965489
34965471
34965410
34964613
34964297
34964291
34963893
34963696
34963695
34963647
34962987
34962128
34961896
34960800
34960737
34960617
34959593
34959585
34959570
34959560
34959466
34959460
34958838
34958787
34958781
34958710
34957584
34957480
34956812
34956477
34956150
34956145
34956131
34956108
34955269
34954126
34954046
34953986
34953344
34953254
34953216
34952454
34952056
34950117
34948461
34948456
34948402
34948278
34948227
34947994
34946747
34946657
34946225
34946151
34946129
34946117
34946089
34946067
34946052
34946047
34945696
34945682
34945621
34945183
34941673
34941456
34941425
34940986
34940130
34939673
34939149
34938744
34938668
34937524
34937193
34937191
34937183
34937181
34937180
34937177
34937166
34936836
34936385
34936382
34936344
34936325
34935077
34933261
34932901
34932308
34931252
34930997
34930034
34930024
34927785
34927383
34926492
34926329
34925305
34925289
34925273
34925248
34924764
34924229
34923750
34923439
34923384
34923370
34923019
34922301
34922131
34922056
34922002
34921920
34921872
34920903
34919971
34919563
34919041
34919037
34918604
34917851
34917625
34917070
34915848
34915266
34915067
34915016
34914704
34913862
34913439
34912316
34912116
34912024
34911948
34910990
34910771
34909143
34908856
34907894
34906718
34906085
34905683
34905095
34904540
34903849
34903185
34903061
34902789
34902759
34902725
34902270
34902016
34900756
34900427
34900137
34900133
34899725
34899646
34899630
34898479
34898264
34896799
34896631
34896514
34896510
34896144
34896131
34893452
34893226
34890985
34890721
34890655
34890650
34890040
34889983
34887434
34885798
34885715
34885677
34884695
34884459
34883371
34883172
34882531
34882006
34880873
34880636
34879573
34879519
34879104
34878816
34878811
34878374
34878345
34878335
34878309
34878297
34877876
34876224
34876196
34876083
34875424
34874905
34874898
34874897
34874773
34874246
34874243
34874223
34873166
34872749
34872631
34872522
34872396
34872351
34872350
34872347
34872345
34872086
34871984
34871697
34871411
34871093
34869725
34869510
34869098
34869077
34868203
34867928
34867923
34867917
34867912
34867876
34867864
34867855
34867048
34866993
34866983
34866919
34865870
34865299
34864623
34864622
34864439
34864181
34864059
34864022
34863884
34863739
34863571
34863214
34862744
34862445
34861894
34861816
34861348
34861345
34859016
34858467
34858374
34856999
34856324
34856250
34856045
34856035
34855936
34854015
34853190
34852430
34851716
34851679
34851181
34851157
34850116
34848977
34848326
34847725
34847524
34847392
34846288
34846167
34845351
34845228
34845206
34844891
34844806
34844715
34844364
34843921
34843860
34843769
34843738
34843635
34843604
34843378
34843376
34843159
34839020
34838974
34838907
34838806
34838600
34837784
34837302
34836050
34835509
34835481
34835469
34835462
34835428
34835423
34835390
34835346
34835338
34835331
34835213
34835047
34834362
34834333
34834239
34834098
34833187
34832789
34832681
34832645
34832582
34832511
34830542
34830335
34830278
34829037
34829034
34828891
34828356
34826462
34826396
34826356
34826267
34824393
34824363
34824240
34823476
34822984
34822887
34822704
34822588
34821965
34820424
34819859
34819627
34819576
34818756
34818435
34818407
34818352
34818102
34817761
34817685
34817240
34817224
34817169
34815833
34815390
34814849
34813978
34813930
34810153
34809933
34808479
34808425
34807566
34807379
34806300
34804542
34803985
34803966
34803935
34803000
34802820
34801739
34801721
34801647
34801300
34801252
34800768
34800708
34800707
34800619
34800588
34800545
34800504
34799884
34799577
34799177
34799165
34799156
34798728
34798251
34797865
34796125
34795710
34795708
34795702
34795701
34795507
34795028
34794102
34794019
34793916
34793904
34793902
34793799
34792675
34792330
34792274
34791351
34790179
34788805
34788692
34788689
34788068
34787956
34787955
34787446
34787445
34786882
34786867
34785912
34785751
34785623
34785593
34785289
34785167
34784976
34784616
34784521
34784220
34784078
34783891
34783578
34782200
34781740
34781730
34781018
34780368
34780296
34780269
34780264
34779760
34779756
34778102
34777863
34777526
34777517
34777312
34777293
34777280
34777264
34775133
34774958
34774941
34774630
34774508
34773749
34773386
34772986
34772638
34772526
34771089
34770790
34769377
34769015
34768910
34768762
34768041
34767893
34767888
34767605
34767592
34767248
34765566
34765309
34764945
34764775
34764772
34764740
34764657
34763281
34763046
34762992
34762954
34762888
34762695
34762545
34762519
34762518
34762517
34762270
34762026
34761556
34760266
34759899
34759751
34758824
34758751
34757115
34756812
34756069
34755539
34755474
34754181
34752891
34752474
34752227
34751941
34751008
34750338
34750269
34749804
34749188
34749064
34748884
34748849
34747589
34747063
34745664
34745065
34745063
34745062
34745051
34745033
34744442
34743798
34742956
34742952
34742146
34742144
34742105
34742104
34742056
34741897
34741792
34740740
34740703
34740654
34740157
34739925
34739482
34739239
34739227
34739205
34738013
34737974
34737731
34737730
34737583
34737424
34737135
34737048
34736991
34736365
34736202
34736195
34736188
34736185
34735675
34735552
34734708
34734384
34733262
34733255
34733244
34732199
34731939
34731576
34731456
34731345
34729951
34727951
34726503
34726494
34726489
34724823
34723627
34723495
34722591
34722376
34721736
34721368
34721353
34721331
34721311
34719087
34718737
34718541
34718202
34718096
34718024
34717260
34717227
34715797
34715324
34715249
34715223
34714659
34714228
34713606
34713567
34712421
34712211
34711270
34711196
34710817
34710810
34710742
34710741
34710632
34710608
34710419
34709785
34709575
34707856
34707589
34707579
34707432
34707376
34707158
34706677
34705849
34704829
34704807
34702307
34700125
34700053
34697926
34697460
34697316
34696499
34696396
34696318
34695638
34695626
34695556
34695355
34695148
34694884
34694882
34694881
34694729
34693903
34693460
34691013
34690984
34690959
34690953
34690758
34690097
34689552
34688913
34688850
34688784
34688038
34687261
34687159
34684291
34684271
34684258
34684225
34684189
34684184
34684032
34683991
34683879
34683868
34683856
34683494
34683484
34683483
34683467
34683462
34683449
34683436
34683432
34683427
34683426
34683376
34683360
34683347
34683339
34683285
34681833
34681418
34680899
34680871
34680594
34679241
34678970
34678365
34678229
34678056
34677069
34676200
34676176
34675801
34675556
34675535
34675288
34675255
34674551
34674538
34674364
34674160
34673992
34673462
34673415
34673400
34673316
34671336
34669733
34669693
34669589
34668852
34668723
34668141
34666826
34666651
34666420
34666088
34665940
34665771
34665012
34664941
34663826
34663186
34662717
34662621
34662521
34662197
34662191
34661894
34660836
34660751
34660627
34659162
34659144
34658307
34657648
34657594
34657588
34656506
34655900
34655877
34655183
34653459
34651331
34650545
34650438
34649327
34648886
34648877
34648838
34648831
34648792
34648550
34646877
34646784
34646535
34646254
34646252
34646245
34645520
34644317
34643994
34643711
34643411
34641620
34641393
34640612
34639193
34639158
34638966
34638525
34637966
34637441
34637438
34637298
34637281
34635960
34635776
34635529
34635002
34634938
34634937
34634935
34634340
34633851
34633841
34633487
34632683
34631351
34630947
34630370
34630355
34629764
34629195
34628852
34628410
34628295
34628130
34627965
34627892
34627823
34627113
34626877
34626704
34626630
34626628
34625810
34625571
34624718
34624282
34624280
34623537
34623316
34622842
34622151
34621254
34620880
34620213
34619341
34619311
34619178
34618869
34618422
34616401
34616375
34616161
34616160
34615465
34615350
34613750
34613706
34613690
34613655
34613630
34612762
34612694
34612675
34611232
34609164
34609161
34608714
34607101
34606866
34606860
34606679
34606335
34606240
34606144
34605347
34604238
34604103
34603259
34603219
34602924
34601581
34600994
34600986
34600985
34600565
34600037
34599956
34599841
34599280
34598677
34598063
34597934
34597927
34597797
34597647
34597560
34597551
34597476
34597343
34596377
34595928
34594515
34594480
34593300
34593032
34592621
34592456
34591738
34590993
34590903
34589607
34589306
34588913
34588787
34588753
34588479
34587897
34587893
34587194
34586892
34586054
34585972
34585273
34584745
34584634
34584119
34583687
34583164
34582925
34582864
34582855
34582469
34582450
34581492
34579731
34579571
34579567
34578366
34578306
34578208
34578194
34578143
34577746
34577195
34576896
34576887
34576856
34576823
34576819
34576813
34576806
34576796
34576781
34576775
34576769
34576765
34576763
34576704
34575434
34575428
34574273
34574202
34571418
34570716
34570648
34569892
34569634
34568654
34568492
34567840
34567760
34564524
34563930
34563432
34563202
34563132
34562855
34562788
34562691
34562391
34561253
34560447
34559376
34559332
34558234
34556720
34556347
34556027
34555761
34554755
34554624
34551717
34551325
34550759
34549812
34549763
34549554
34549449
34548798
34548403
34547574
34547410
34546502
34546070
34545788
34545787
34544887
34544374
34544275
34544049
34543965
34543954
34543506
34543211
34542983
34542977
34540934
34540722
34537868
34537705
34537653
34537643
34537596
34536850
34536683
34536268
34535963
34534940
34534802
34534230
34534115
34533680
34531996
34531666
34531538
34531515
34531485
34531449
34530913
34530277
34530271
34530251
34530246
34530240
34530239
34530110
34530014
34529975
34529163
34527432
34526976
34526714
34526263
34525757
34525194
34524896
34524434
34524200
34523982
34523571
34523112
34522107
34521472
34520955
34520908
34520789
34519526
34519156
34518546
34518255
34517942
34517886
34517802
34517763
34517755
34517752
34517324
34516281
34516250
34516248
34516107
34516076
34515306
34514760
34513321
34512608
34512574
34512572
34512364
34512166
34511940
34509829
34508865
34508729
34507537
34506975
34506711
34506611
34504810
34504809
34504480
34503411
34502964
34502504
34502290
34500181
34500167
34499977
34499699
34499212
34499033
34497598
34497597
34497448
34496967
34496774
34496040
34495985
34494953
34494880
34494879
34494877
34494875
34494853
34494702
34494142
34493749
34493334
34493194
34492930
34492925
34492900
34492815
34492813
34492800
34492529
34492446
34492399
34492325
34491801
34491085
34490150
34490146
34489917
34489901
34489898
34489889
34489877
34489875
34489467
34489375
34488457
34488446
34488144
34487761
34487594
34487189
34486151
34485364
34485179
34485178
34485173
34485172
34484169
34483911
34483792
34483225
34482897
34482243
34482079
34482077
34481499
34481163
34481121
34480983
34479136
34478007
34477758
34477546
34476772
34475853
34475358
34474311
34473016
34472432
34471363
34470147
34469724
34468194
34468186
34468178
34468162
34467925
34467445
34466007
34466005
34465899
34464865
34464702
34464397
34463860
34463608
34463571
34463568
34463567
34463122
34461978
34461553
34460306
34460060
34460016
34459936
34459297
34459027
34456739
34455424
34455124
34454980
34454936
34454758
34454634
34454024
34453495
34453399
34452490
34452364
34452226
34452021
34451523
34451483
34451430
34451393
34450408
34450338
34449343
34447948
34447764
34447363
34447358
34447256
34446838
34446818
34446725
34446111
34445951
34445592
34445438
34445410
34443615
34443326
34443301
34442843
34442831
34442818
34442763
34442751
34442692
34442690
34441769
34441683
34441676
34441623
34441577
34440459
34440299
34438490
34438267
34438108
34437844
34437395
34436634
34436343
34436250
34435947
34435515
34434961
34434176
34434173
34432793
34432600
34432112
34431703
34431702
34431696
34431685
34431477
34430812
34429618
34428891
34428079
34427525
34427523
34427511
34426396
34426368
34426357
34426248
34426239
34426222
34426212
34425755
34425705
34425698
34425441
34424286
34424159
34424116
34424047
34424044
34424042
34424041
34424038
34424034
34423380
34422870
34422858
34422850
34422678
34421881
34421880
34421860
34421858
34421847
34421833
34419917
34419884
34419845
34419503
34418848
34418494
34416685
34416649
34415925
34415782
34415644
34415164
34414776
34414415
34413656
34413340
34412702
34412390
34411140
34410119
34409640
34406829
34406824
34406800
34406799
34405012
34404868
34404343
34403464
34402648
34401457
34401102
34400159
34399210
34398664
34397971
34397035
34396972
34395621
34395362
34395312
34395075
34394043
34394014
34392203
34392043
34392041
34391865
34391826
34391111
34391043
34390984
34390767
34390618
34390602
34390532
34390373
34390083
34389610
34388919
34385992
34385984
34385565
34385252
34384319
34383981
34383409
34382159
34381844
34381818
34381737
34381438
34381437
34381118
34380772
34380550
34380279
34379810
34379382
34379161
34378988
34378962
34378957
34378213
34376327
34376018
34375247
34375245
34375241
34375233
34375092
34374169
34373573
34373437
34372852
34372787
34372538
34372537
34371761
34371691
34371496
34371389
34371242
34370589
34370584
34370576
34370574
34370561
34369161
34368885
34367182
34367114
34367112
34367104
34367079
34366872
34365915
34364258
34364060
34363995
34362925
34362546
34362438
34361994
34361970
34361911
34361810
34360905
34360847
34360723
34360567
34358488
34358059
34358027
34358026
34357586
34356674
34355905
34355567
34355515
34354981
34354964
34354959
34354685
34354420
34354396
34352499
34352459
34351080
34350157
34350091
34349752
34349740
34349736
34349732
34348646
34348098
34347523
34347499
34346791
34346711
34346694
34344901
34344466
34343185
34343117
34342537
34342433
34341372
34340538
34340224
34340127
34340086
34340082
34340069
34339999
34339990
34339280
34339270
34339263
34338921
34338618
34336788
34336721
34335797
34335793
34335555
34335541
34335511
34335493
34333822
34333432
34333164
34332549
34332528
34332265
34331358
34330327
34330011
34329771
34329116
34329111
34329092
34329060
34329002
34328884
34328412
34328081
34327794
34327231
34326828
34326267
34326207
34326043
34325239
34325201
34325199
34325154
34325102
34325101
34324677
34324673
34323729
34323079
34321002
34320444
34319257
34319135
34319128
34318971
34318966
34318749
34316274
34315617
34313814
34312710
34312522
34312252
34311883
34311405
34311369
34311364
34311191
34310625
34310213
34310209
34309977
34309796
34309504
34308062
34307461
34307323
34306108
34305945
34305942
34305845
34305831
34304099
34304060
34303979
34303873
34303249
34303244
34300258
34299555
34299116
34298964
34298350
34298276
34298125
34297783
34297455
34295941
34294725
34294041
34293910
34293692
34293451
34293056
34292889
34292452
34292148
34291144
34290691
34290680
34290677
34290242
34290175
34289932
34289613
34289033
34288945
34288795
34288704
34287769
34287135
34287060
34287057
34287011
34287005
34285521
34285004
34284732
34284223
34283846
34283833
34283674
34283589
34282938
34282933
34282905
34282723
34281527
34281401
34281389
34280721
34280162
34280127
34280035
34280015
34279372
34279221
34277885
34277757
34277753
34276811
34276629
34276609
34276577
34276104
34274900
34274706
34274673
34274650
34274586
34273886
34273831
34273824
34273593
34273591
34271883
34271377
34271348
34271040
34270957
34270184
34269557
34268598
34268132
34267544
34265371
34264984
34264965
34264786
34264614
34264334
34263732
34263631
34262891
34262609
34261570
34260809
34260793
34260789
34260589
34260305
34259622
34259375
34258640
34258278
34258168
34257793
34257138
34256291
34256273
34256183
34255280
34254827
34254820
34254513
34253854
34253853
34253452
34253063
34252670
34252310
34252089
34251907
34251868
34250183
34250014
34249781
34249597
34249516
34249493
34249401
34248979
34248952
34248908
34248893
34248873
34248872
34247915
34247587
34247085
34246160
34246139
34245665
34245607
34245385
34243134
34243084
34242935
34242448
34242182
34240086
34239503
34238913
34237548
34237403
34235929
34234840
34234757
34234448
34233954
34233667
34233249
34232613
34232463
34232117
34232080
34232075
34229407
34229400
34229389
34228700
34228551
34228548
34227387
34227209
34226964
34226711
34226408
34225805
34225605
34225485
34225233
34225068
34223790
34222390
34222145
34222051
34222039
34220761
34220755
34220747
34220746
34220733
34219648
34219185
34218802
34218787
34218658
34217024
34216634
34215179
34214892
34214852
34214804
34214528
34213618
34212403
34212401
34212042
34211447
34211443
34211286
34209998
34209475
34208697
34208387
34208306
34208093
34207870
34207373
34207253
34207238
34206965
34206455
34205995
34205399
34204897
34203637
34203095
34202800
34202454
34202218
34201694
34201615
34200882
34199972
34199768
34199128
34198677
34198596
34198540
34197541
34196919
34196541
34196261
34195291
34195099
34194905
34194401
34194233
34191667
34190590
34190572
34190535
34189178
34188500
34188171
34187706
34187535
34187385
34186288
34185685
34184916
34184913
34184912
34184618
34184556
34184328
34184105
34183959
34183206
34182991
34182779
34182338
34181945
34181480
34181473
34180600
34180594
34180343
34179174
34178776
34178032
34177854
34177832
34177821
34177601
34177407
34177057
34176628
34176486
34176402
34175964
34175952
34175926
34175852
34175779
34175766
34174857
34174810
34172345
34172093
34172010
34171688
34171673
34171664
34171644
34171542
34171298
34171296
34170506
34170219
34170204
34170110
34168639
34168215
34168196
34167635
34166472
34165973
34165424
34165250
34164455
34163722
34163450
34163185
34162403
34162123
34161269
34160235
34160017
34159523
34156540
34156294
34155899
34154405
34153911
34153527
34153416
34152818
34152809
34151106
34150884
34150324
34149856
34149666
34149664
34149661
34149653
34149648
34149645
34147982
34147788
34147586
34146805
34146061
34144837
34144430
34144355
34143328
34142260
34141134
34140934
34140932
34140784
34139628
34139626
34139624
34139588
34139488
34139141
34138928
34138538
34137262
34136556
34136468
34136415
34136276
34135871
34134514
34134439
34134394
34134371
34134353
34134150
34133735
34133202
34132582
34132566
34132095
34131486
34130629
34130169
34127720
34127662
34127494
34126937
34126882
34126766
34126765
34126763
34125660
34125649
34124228
34124215
34123879
34123154
34122377
34122376
34122127
34121882
34121661
34120319
34120024
34119627
34118673
34117820
34117588
34117524
34117352
34117249
34116242
34116163
34115749
34114986
34114802
34114673
34114631
34114159
34113820
34113676
34113667
34113639
34113482
34113327
34112687
34111741
34111611
34111586
34109745
34109219
34108949
34108601
34107872
34107629
34106752
34106011
34105992
34105590
34105103
34103951
34103078
34100944
34100640
34099978
34099682
34098864
34098457
34097804
34097494
34097492
34097483
34097477
34097379
34096449
34095620
34095172
34094995
34094023
34094001
34093508
34093474
34093457
34092717
34092249
34091329
34090252
34090248
34089784
34089783
34089411
34089315
34089241
34089130
34088171
34088047
34088024
34087646
34087637
34086804
34086519
34086107
34085862
34085860
34085858
34085183
34083705
34082336
34082263
34082211
34081989
34080846
34080175
34079298
34078956
34078502
34078338
34077692
34077580
34077263
34076710
34076489
34076468
34076337
34075848
34074254
34072745
34072353
34072124
34071422
34070467
34069640
34069596
34069209
34068663
34068658
34068237
34068117
34068062
34067885
34067853
34066734
34066440
34065282
34065133
34064335
34063973
34063430
34063382
34063264
34063175
34062983
34062722
34061029
34060914
34060909
34060906
34060895
34059794
34058579
34055750
34055666
34055663
34055658
34055566
34055492
34055063
34054791
34054785
34054764
34054758
34054755
34054753
34054749
34054548
34053849
34053699
34053144
34052522
34052521
34052485
34052250
34051866
34051569
34050616
34049954
34049736
34049228
34048922
34048889
34048888
34048747
34048543
34047655
34047651
34047546
34046426
34046022
34045971
34045458
34044786
34044573
34044257
34044244
34044149
34044048
34043635
34041861
34040596
34039880
34039482
34038628
34038127
34037981
34035102
34032014
34031546
34031507
34031222
34030671
34030392
34030387
34030239
34030234
34030225
34029702
34029675
34029657
34029528
34028161
34025770
34025627
34025592
34025434
34024895
34024442
34024441
34024329
34023602
34022819
34022708
34022225
34021387
34021215
34020940
34020659
34020270
34020071
34018328
34017469
34017319
34017107
34016711
34016127
34016049
34016040
34015806
34015664
34015636
34015494
34014411
34013877
34013169
34012697
34012275
34011959
34011686
34011682
34010624
34009698
34008889
34006208
34004530
34002832
34001313
34000699
34000557
34000537
34000189
33999798
33999173
33997676
33996906
33995952
33995330
33995314
33994861
33994114
33993638
33993436
33992936
33992019
33991748
33990691
33990313
33990222
33990188
33990039
33989952
33989841
33989839
33989619
33987072
33986737
33984897
33984704
33983661
33982299
33981496
33981035
33980677
33980672
33980354
33979677
33978455
33977709
33976161
33976135
33975971
33975933
33975547
33975485
33975189
33975010
33974838
33974116
33972433
33972355
33972351
33972257
33972243
33971896
33971610
33971467
33971421
33970781
33970612
33970538
33970247
33970016
33969685
33969606
33968001
33967971
33967969
33967968
33967743
33966381
33966376
33965839
33965831
33965817
33964676
33964649
33964293
33963526
33963198
33962981
33962200
33961678
33961628
33961543
33961094
33960679
33960651
33959116
33959112
33957582
33957287
33956905
33956660
33956659
33956652
33956642
33955540
33955027
33953851
33953576
33953574
33953363
33952335
33952197
33950561
33949142
33949086
33947893
33947330
33946907
33946710
33945454
33945387
33945257
33945146
33944927
33941886
33941566
33941088
33940744
33940720
33940284
33939833
33938181
33938113
33937405
33937401
33936381
33936107
33936023
33936010
33935981
33934852
33934763
33934682
33934384
33933567
33933164
33932730
33932658
33932656
33932652
33932545
33931422
33931120
33931013
33930822
33930416
33930208
33930099
33930077
33928676
33927968
33927701
33927341
33927048
33925816
33925810
33925711
33925677
33925465
33923843
33922843
33922754
33922641
33922077
33921687
33921535
33921518
33921367
33921124
33921009
33920945
33920558
33920206
33920106
33920071
33919134
33918989
33918930
33918683
33917761
33917115
33916758
33916527
33915206
33914531
33914051
33913733
33912589
33912478
33911885
33911258
33911103
33910992
33909552
33908289
33907538
33907431
33907430
33906944
33906920
33906912
33906654
33905605
33905584
33905563
33904706
33904311
33903636
33903105
33903103
33903100
33903054
33902793
33902489
33902418
33900863
33900427
33899656
33898334
33897984
33897636
33897629
33896185
33895977
33895590
33895506
33895415
33894505
33894444
33894291
33894059
33893838
33893654
33893564
33893312
33893118
33892721
33892520
33892423
33892146
33889141
33888802
33888725
33888055
33887535
33887206
33886558
33886308
33885360
33882946
33882854
33882843
33882823
33882647
33882620
33881843
33881575
33881032
33880388
33880045
33879434
33878876
33878498
33878330
33878316
33878305
33878232
33877820
33877563
33875545
33875437
33875435
33875431
33875294
33874935
33874870
33872913
33872907
33872686
33872684
33871353
33870869
33870627
33870144
33869622
33869326
33869250
33869236
33869117
33868187
33867342
33866900
33866555
33866250
33866168
33866044
33865329
33865251
33865023
33864959
33864112
33863705
33862482
33862468
33861190
33860967
33860841
33858720
33858501
33858427
33858243
33858100
33858075
33857807
33857695
33857456
33856049
33854486
33854344
33853877
33852628
33850938
33850819
33850058
33849512
33848909
33848900
33848892
33848884
33848333
33846128
33846116
33845919
33845086
33845049
33845040
33843744
33843573
33843461
33842525
33842399
33841495
33841383
33841342
33838952
33838477
33838375
33837818
33837441
33837118
33837019
33836929
33836411
33836339
33836278
33835090
33834046
33833414
33832972
33832811
33832427
33831706
33831654
33831044
33830543
33830249
33830213
33829054
33828821
33828299
33827527
33826941
33826850
33826312
33823882
33823442
33822953
33822937
33822245
33821561
33820946
33820773
33820764
33820602
33819854
33819791
33819660
33819054
33819029
33819015
33818323
33818246
33818076
33818002
33816561
33816557
33816517
33816402
33816347
33816340
33816322
33816046
33815346
33815320
33815310
33813641
33813291
33813126
33812723
33812148
33811731
33811263
33810508
33809706
33808905
33808774
33808488
33807493
33807464
33807433
33807212
33807193
33806815
33806478
33805913
33805734
33805526
33804947
33804894
33803983
33803559
33803549
33803208
33803098
33802812
33801847
33801844
33801613
33801066
33800367
33800235
33800096
33800040
33799940
33799229
33799209
33799114
33798888
33798867
33798824
33796482
33796228
33795739
33795157
33795006
33793776
33792479
33792282
33790594
33790586
33790304
33789552
33788359
33788299
33787250
33786713
33785838
33785729
33785633
33785625
33785614
33784974
33784606
33784401
33782558
33782435
33782154
33782146
33782053
33781998
33781062
33780444
33780131
33779498
33778922
33778295
33777913
33775846
33775814
33775682
33774111
33773584
33773246
33772658
33772321
33771602
33771374
33770605
33770124
33770084
33769154
33769083
33767684
33766914
33765344
33763399
33763396
33763042
33762362
33762209
33762208
33761679
33760032
33758096
33757897
33757883
33757820
33757578
33757248
33756056
33755013
33753577
33753335
33753332
33751641
33750827
33750514
33750393
33749561
33749354
33748209
33747998
33747747
33747038
33746930
33744657
33744628
33744441
33744439
33741626
33741165
33741154
33739262
33738553
33738317
33738071
33737922
33737153
33736699
33736698
33736325
33736163
33735733
33735726
33734582
33734031
33733931
33733747
33733075
33732552
33732522
33732226
33732075
33731833
33731493
33731412
33730291
33729615
33728890
33728587
33728545
33727586
33727401
33727393
33727351
33727345
33725864
33725850
33725532
33725048
33723038
33723035
33722890
33722882
33722843
33721724
33721645
33721642
33720615
33720600
33719123
33718695
33718473
33718272
33717525
33717044
33717043
33717039
33717036
33717019
33717011
33716032
33715349
33715106
33714582
33713801
33712700
33712689
33712656
33712421
33712420
33711716
33710342
33709774
33709706
33709536
33709047
33708812
33708644
33706038
33705987
33704685
33703979
33693929
33692486
33692192
33692136
33691615
33691344
33691061
33690663
33690640
33690209
33690197
33690033
33690012
33689894
33689825
33689548
33688222
33688220
33688212
33686140
33686077
33685897
33685595
33684595
33684288
33684287
33683857
33683473
33682995
33682163
33682076
33680989
33680984
33679711
33679640
33679626
33677290
33677191
33676950
33676490
33676421
33676249
33676219
33674440
33673351
33673231
33672903
33672892
33672670
33671781
33671616
33670643
33670309
33670308
33670028
33669596
33669570
33669225
33668992
33668889
33668633
33668622
33668594
33668542
33667746
33667701
33666749
33665175
33664711
33664488
33662646
33662642
33661029
33660220
33658988
33657146
33656920
33656913
33656316
33656194
33654415
33654414
33653026
33652718
33652537
33652361
33652188
33650856
33650677
33650523
33650225
33649996
33649151
33649060
33647609
33647540
33646643
33646381
33646013
33644965
33643927
33643246
33643244
33643225
33642430
33641696
33640677
33640109
33639477
33638897
33638001
33637574
33636762
33636642
33635888
33635615
33634790
33634468
33634411
33633708
33633702
33632193
33632144
33631686
33631683
33631221
33631028
33630954
33629481
33629433
33627412
33626339
33625570
33624943
33623399
33622733
33622724
33621774
33621256
33621083
33620655
33619526
33619089
33619059
33618663
33618138
33618114
33618108
33617559
33617547
33616382
33615393
33614584
33614523
33613555
33613479
33613478
33613470
33612146
33611768
33611633
33611172
33611034
33611018
33610999
33610601
33610552
33610260
33610258
33610257
33610251
33610125
33609830
33608606
33608593
33608511
33608509
33607457
33606500
33605980
33604161
33603719
33603417
33603416
33603037
33602825
33602143
33600151
33599916
33599832
33597931
33597171
33597039
33595086
33593978
33593964
33593842
33593839
33593834
33593430
33593221
33592672
33592488
33592450
33592374
33592372
33592098
33590977
33589766
33589511
33589264
33588951
33588850
33588835
33587158
33585611
33584632
33584625
33584574
33584554
33583603
33582634
33582626
33582609
33582118
33580957
33580146
33575265
33574877
33574807
33574804
33574682
33574060
33572937
33572271
33572241
33571903
33571856
33571766
33571265
33571153
33571116
33570908
33568836
33568744
33568554
33568553
33565253
33564047
33563840
33563834
33563327
33562804
33562054
33560295
33558614
33558560
33558293
33557954
33557913
33557202
33557200
33557120
33556480
33556134
33555094
33555043
33554070
33553473
33553275
33553210
33553196
33553185
33552832
33552731
33552448
33552084
33552005
33550129
33549716
33549582
33548642
33548393
33546735
33546702
33546052
33545525
33545481
33545419
33545126
33544858
33544760
33544239
33542636
33542314
33541440
33540889
33540689
33540588
33540560
33540257
33540158
33539449
33539359
33539084
33538585
33537013
33537010
33536766
33536564
33536323
33536291
33536115
33535615
33535360
33534956
33534639
33534148
33533920
33533373
33532166
33531820
33531405
33531196
33531042
33530207
33529969
33528813
33528242
33528088
33527621
33526890
33526569
33525640
33524793
33524742
33524173
33522489
33522395
33521091
33519770
33519720
33519215
33518624
33517003
33516893
33516554
33516545
33516478
33516271
33516253
33515778
33515726
33515722
33515651
33515133
33514521
33513949
33513933
33513169
33513010
33510864
33510730
33510721
33510718
33510714
33509097
33508968
33508504
33508481
33508091
33507909
33507135
33505359
33505100
33505093
33504667
33504099
33504036
33503068
33503028
33502846
33502840
33502702
33502659
33502297
33500725
33500343
33500335
33500331
33500192
33499841
33499824
33499587
33499465
33499187
33498351
33498315
33498295
33498243
33497944
33497859
33495705
33495505
33495501
33494897
33494671
33494548
33494240
33494144
33493747
33493405
33492952
33492641
33492170
33491828
33491793
33490156
33489684
33488544
33486377
33486327
33486296
33486226
33485933
33485850
33485326
33485324
33485000
33484895
33483623
33483611
33483312
33483304
33481964
33481792
33481246
33480997
33480498
33479592
33479326
33478101
33477474
33477417
33477102
33477096
33476481
33474608
33472935
33472899
33472258
33472047
33472015
33471826
33471591
33470272
33470194
33469669
33469321
33468696
33468691
33468478
33468475
33468474
33468472
33468468
33468149
33466613
33466399
33466377
33465648
33465557
33465548
33464241
33461527
33460845
33460747
33460732
33460580
33459590
33459057
33458946
33458490
33457294
33457041
33455564
33455485
33454531
33454495
33454020
33453992
33453487
33453316
33453150
33452316
33452030
33450852
33450684
33449574
33449105
33448923
33448922
33448264
33447636
33446715
33446190
33445613
33445476
33445453
33445049
33445009
33444611
33444610
33444433
33443214
33442271
33441843
33441451
33441407
33441405
33440322
33440279
33438970
33438205
33437827
33437824
33436818
33436712
33436687
33436645
33436427
33434203
33433995
33432328
33431848
33431415
33431330
33430787
33430364
33430028
35424252
33429314
33429312
33429277
33428273
33427692
33426055
33426025
33424802
33424785
33424384
33423688
33423003
33422604
33422000
33421879
33421874
33421848
33421762
33421714
33420733
33420534
33420288
33420151
33420032
33418967
33418351
33418325
33418295
33418156
33418017
33416467
33415808
33415530
33415508
33414777
33414682
33413128
33412499
33412373
33411928
33411736
33411181
33410957
33410933
33409326
33409294
33408527
33408222
33408221
33407927
33407856
33407669
33407536
33406976
33406779
33406230
33406073
33404752
33402904
33402829
33402822
33402095
33401101
33401045
33400986
33400958
33400949
33400359
33399220
33398940
33398628
33398401
33398318
33398069
33397699
33397650
33397505
33397229
33396183
33396055
33395094
33394168
33393956
33393148
33392106
33391624
33391392
33391249
33391248
33391245
33391241
33391204
33391198
35424119
33389781
33388628
33388594
33387948
33387747
33387717
33387714
33387370
33386421
33385921
33385893
33385875
33385807
33385653
33383765
33383454
33383416
33383326
33381838
33381088
33378403
33376424
33375502
33375493
33375417
33375018
33374743
33374633
33373956
33372849
33372844
33372840
33372826
33372766
33372120
33371978
33371321
33370905
33370784
33370695
33370657
33368895
33365333
33365149
33364798
33364792
33362752
33362739
33361328
33361299
33361294
33361293
33361128
33360947
33360612
33360136
33359766
33359552
33359502
33358909
33358156
33357337
33357177
33356838
33356195
33355660
33354740
33354229
33353963
33353805
33353447
33353223
33353056
33352984
33352462
33352215
33348729
33348567
33348263
33348004
33347866
33347602
33346686
33346458
33345705
33344811
33344087
33344086
33343549
33343530
33343527
33343520
33341633
33341631
33341549
33338980
33338689
33338078
33337918
33337870
33336455
33335939
33335913
33334796
33334694
33333990
33333808
33333404
33333336
33332973
33332354
33330715
33330707
33330625
33330310
33330127
33330122
33329487
33329469
33329464
33329419
33328364
33328363
33328360
33328359
33328350
33328178
33327240
33326676
33325785
33324379
33324367
33323672
33322641
33322236
33322113
33321823
33321291
33321214
33321204
33320944
33320937
33320569
33320524
33319793
33319723
33319700
33318549
33318021
33318001
33317529
33316156
33315938
33315926
33315174
33310720
33310713
33310546
33310316
33310240
33309927
33309610
33307757
33307498
33307393
33307120
33304659
33304338
33303212
33303031
33302298
33302200
33302189
33302073
33302045
33302000
33301976
33301931
33301896
33301859
33301524
33301465
33301133
33299928
33298610
33298160
33297983
33297145
33297095
33297016
33294974
33294489
33294442
33293382
33293048
33292525
33291868
33291550
33291334
33291315
33290434
33290039
33289833
33288648
33287445
33284819
33284509
33283677
33282749
33282276
33281815
33281784
33281772
33281754
33280868
33280056
33280018
33279382
33278015
33277584
33277010
33277004
33276767
33276611
33276211
33276137
33276073
33273481
33273319
33273017
33271787
33271554
33270372
33268541
33266320
33266127
33265988
33265039
33265037
33265028
33265004
33264900
33263309
33262957
33262954
33262619
33262613
33261570
33261536
33260448
33259486
33258754
33258450
33258407
33257730
33257527
33257450
33257320
33257311
33257169
33256619
33255354
33255319
33255315
33254869
33254807
33254754
33254597
33254446
33253325
33253310
33252191
33251814
33251569
33251208
33250880
33250879
33250877
33250254
33249874
33249831
33249367
33249163
33248614
33248554
33247984
33247481
33247338
33247171
33247102
33246729
33246485
33245461
33245200
33244063
33244050
33243636
33243630
33243622
33243511
33243441
33242487
33241068
33240959
33240647
33240617
33240392
33240317
33240239
33240236
33240197
33239369
33239365
33236984
33236626
33235707
33235243
33235191
33234689
33234685
33234606
33234410
33233423
33232217
33231461
33231066
33228990
33228639
33228100
33227214
33224132
33224128
33224119
33223182
33223180
35292265
33221673
33220994
33219299
33218933
33218076
33218049
33217693
33217029
33216549
33216442
33215604
33215210
33214718
33213908
33212943
33212916
33212807
33212311
33212197
33212130
33211713
33211374
33211048
33210705
33209953
33209024
33208822
33208501
33207917
33207525
33206093
33205660
33204754
33204753
33203750
33203690
33203584
33203576
33203566
33203457
33203098
33199906
33199638
33199392
33199383
33199139
33198686
33198506
33198099
33198093
33197936
33197514
33195893
33195695
33195692
33195112
33194975
33194811
33194779
33193282
33193267
33193261
33193233
33193230
33193215
33193210
33193204
33193203
33193198
33193173
33193168
33193153
33191749
33190958
33190880
33190591
33190215
33189985
33189467
33188343
33188216
33187734
33187698
33187648
33187451
33186839
33186838
33186680
33186540
33186407
33185191
33184734
33184030
33183829
33183231
33183221
33182540
33181985
33181420
33180420
33180172
33179212
33178635
33178301
33178296
33178166
33178155
33177849
33177608
33177216
33177123
33176689
33176216
33175408
33175245
33174959
33173595
33173044
33172966
33172639
33171408
33171295
33171288
33170522
33170381
33170120
33169970
33169754
33169341
33168749
33168608
33168605
33168375
33168321
33168251
33167500
33167383
33167084
33166759
33166474
33166284
33164810
33164499
33164487
33164482
33162964
33162948
33162214
33161137
33160787
33160229
33160036
33160034
33159984
33158897
33158247
33157939
33157328
33156534
33154257
33154249
33153790
33153783
33151366
33150080
33149945
33149863
33149210
33148940
33148625
33148497
33148344
33148329
33147036
33146611
33144831
33144312
33144215
33143746
33143388
33142871
33142615
33142522
33142465
33140963
33139823
33139761
33139558
33139288
33139283
33139278
33138747
33138250
33137534
33137124
33136238
33135796
33135635
33135152
33135033
33134334
33133562
33133056
33133037
33131573
33129163
33127897
33127170
33127154
33126797
33125853
33125315
33123928
33123117
33123110
33123107
33122924
33122649
33121925
33121316
33121209
33120330
33120226
33120155
33120141
33119192
33118020
33116685
33116684
33116668
33116504
33116477
33116166
33115949
33115833
33115375
33114971
33114746
33114538
33114244
33114079
33113918
33113800
33113716
33113240
33113166
33112995
33111914
33111714
33109752
33109613
33109158
33109085
33108492
33107183
33106494
33106346
33106260
33106258
33106223
33106190
33104852
33104745
33104249
33103573
33102540
33102417
33102409
33101247
33101239
33099884
33099822
33099779
33099661
33099099
33097505
33097497
33097422
33097270
33097262
33096921
33096785
33095857
33095199
33095198
33094640
33094502
33093601
33093568
33093543
33092882
33092508
33092487
33092226
33092156
33091754
33091623
33091016
33090669
33090037
33089982
33088003
33087442
33087386
33086465
33085038
33084904
33084762
33084160
33083490
33083331
33082366
33082254
33082251
33082042
33081846
33081240
33081230
33080799
33080299
33079229
33078643
33077662
33077659
33077230
33076857
33076838
33075142
33074949
33074651
33072693
33072059
33072008
33070360
33070139
33069997
33069996
33069839
33069210
33069135
33069047
33068987
33068846
33068825
33068537
33068184
33068113
33067902
33067197
33066699
33066595
33066416
33066283
33065440
33063304
33063186
33061883
33061479
33061475
33061472
33061358
33059146
33059136
33059110
33057753
33057595
33057408
33055263
33055260
33055258
33055207
33054906
33054754
33054711
33053645
33052519
33051473
33050619
33050170
33049935
33049532
33048937
33048071
33046680
33046496
33046494
33046122
33045732
33045611
33045307
33045162
33042864
33042796
33042066
33042050
33042043
33042031
33040695
33040439
33040386
33039832
33039801
33039679
33039593
33038756
33038622
33038378
33037788
33036993
33036497
33036373
33035921
33035873
33035865
33034227
33034073
33033577
33033293
33033258
33032106
33031509
33030749
33030657
33028687
33028566
33027413
33026882
33025711
33025312
33024043
33024041
33023121
33023015
33022384
33021324
33020911
33020519
33019620
33017624
33017418
33016404
33016358
33016022
33015163
33013838
33013812
33013764
33013752
33013734
33012280
33011344
33010389
33010368
33010366
33009415
33008474
33007487
33007026
33006862
33006272
33006208
33006027
33005925
33005701
33005648
33005001
33003556
33000455
32999821
32999368
32999185
32999081
32999060
32998902
32998307
32998097
32997967
32997707
32996490
32995979
32995131
32994725
32994542
32994450
32993186
32992727
32992672
32992120
32991620
32990385
32989288
32989035
32988824
32988550
32988549
32988548
32988391
32987946
32987719
32987133
32985336
32984630
32984627
32984626
32984415
32984410
32984281
32984074
32983122
32983077
32983072
32983070
32983061
32983057
32983035
32983007
32983005
32983000
32982509
32982334
32982331
32982325
32982076
32981783
32981183
32980655
32980315
32979805
32979461
32978256
32978137
32977759
32977732
32977432
32977066
32976967
32976521
32975642
32975504
32975308
32975240
32975237
32974396
32974360
32974269
32973729
32973725
32973714
32973703
32973345
32972338
32971422
32971415
32971337
32970720
32970473
32970417
32970221
32969723
32968388
32968015
32967662
32967196
32966964
32966912
32966856
32966800
32963346
32963107
32963004
32963002
32962221
32962036
32961926
32961700
32960928
32960107
32958842
32958719
32958716
32957300
32957272
32955757
32955745
32954887
32954115
32953685
32953684
32949830
32949826
32949464
32949331
32948818
32948346
32947947
32947921
32947727
32947654
32947144
32946298
32946213
32946020
32945900
32943550
32943007
32938847
32938697
32938391
32938241
32937989
32937228
32934268
32934086
32932906
32932763
32931584
32930658
32930639
32929837
32929595
32929149
32928416
32927978
32927821
32927189
32924514
32923473
32922376
32922369
32922047
32920746
32920674
32919223
32919124
32918836
32918354
32918353
32918350
32918267
32917757
32917310
32916797
32916483
32916332
32916327
32916245
32916103
32916015
32914977
32913118
32912589
32912578
32912577
32912362
32911932
32911510
32911148
32911035
32910654
32909519
32905928
32905776
32904734
32903897
32903459
32903406
32903322
32903237
32902213
32901249
32900959
32900873
32900870
32900809
32900223
32900182
32899267
32899215
32898731
32898270
32897417
32897318
32897045
32896234
32896072
32894480
32894435
32891024
32890888
32889707
32889470
32889121
32888596
32888129
32887718
32887439
32887402
32886993
32886694
32886565
32886215
32885950
32885688
32884305
32884065
32883963
32882603
32882442
32881947
32881183
32881179
32880642
32878926
32878289
32878081
32877733
32877355
32876953
32876377
32876368
32875793
32875640
32874000
32873785
32873602
32872436
32872433
32872161
32871373
32871343
32871319
32871290
32871211
32869156
32868874
32867999
32867725
32867529
32867004
32866924
32866708
32866642
32865963
32864725
32864286
32860774
32859088
32858915
32858847
32858760
32858327
32858009
32857738
32856960
32856923
32856330
32854439
32854436
32854018
32853679
32852796
32850972
32850959
32850912
32850570
32850471
32849627
32849536
32849496
32849478
32849459
32849389
32849376
32849359
32849336
32849323
32848430
32848007
32847059
32847015
32846197
32845920
32845305
32843096
32842587
32841899
32841327
32841111
32840412
32840000
32839189
32839176
32839175
32838793
32838752
32836121
32836119
32836113
32836032
32835993
32835921
32835776
32835734
32834061
32833675
32832994
32832748
32832655
32829901
32829858
32828444
32827977
32825791
32825592
32825203
32824770
32824501
32824470
32823555
32822422
32821825
32821287
32821131
32820669
32819848
32819280
32818733
32818668
32818395
32818228
32817379
32816734
32816733
32816732
32816720
32816468
32816017
32815412
32814862
32814789
32814381
32814181
32812755
32812361
32811545
32811409
32811346
32810833
32810555
32810152
32808817
32807981
32807890
32807825
32807804
32806911
32806766
32806685
32806643
32806463
32806462
32806457
32806409
32806354
32805741
32805664
32805571
32804963
32804011
32803944
32803348
32803345
32802720
32801976
32801793
32801790
32801465
32801181
32801179
32800332
32800221
32799078
32799032
32798893
32798757
32798752
32797660
32797079
32797039
32796669
32795751
32795535
32795452
32795438
32795260
32794185
32793183
32793159
32793157
32793156
32793126
32792335
32791928
32791831
32791479
32790288
32788409
32788352
32787773
32786566
32786507
32786281
32786279
32786275
32785753
32785287
32785265
32785145
32784887
32784678
32784594
32784516
32784449
32784434
32783900
32782909
32782384
32782064
32782037
32781848
32781330
32781243
32781201
32781109
32781088
32780945
32780929
32780461
32779355
32779018
32778754
32778550
32778545
32778544
32778310
32778162
32778049
32777939
32777621
32777596
32777574
32776752
32776618
32776225
32775156
32774813
32773005
32772449
32771831
32771801
32771773
32771502
32770178
32770116
32769975
32769862
32769090
32768779
32768515
32768494
32768235
32767919
32767194
32766298
32765747
32765472
32765465
32765437
32765430
32765011
32765008
32764995
32764942
32764694
32763695
32763631
32762867
32762680
32761242
32760699
32760676
32759674
32759337
32759309
32758961
32758846
32758126
32756951
32756562
32755515
32754621
32754449
32754133
32754129
32753914
32753912
32753910
32753909
32753907
32753497
32753208
32752245
32752183
32750621
32750089
32748817
32748070
32747713
32747578
32747503
32747356
32746634
32746508
32745782
32745666
32743833
32742791
32740705
32739516
32738979
32737541
32737129
32736272
32735431
32735209
32734389
32733428
32733412
32733400
32733395
32733394
32732933
34618971
32731190
32730573
32728087
32728059
32727445
32727140
32727119
32726692
32725427
32724627
32723829
32723795
32722600
32722391
32722306
32722296
32721713
32721672
32721347
32721303
32721230
32720896
32719669
32719444
32719356
32719325
32719029
32718957
32718956
32717638
32717520
32717492
32716946
32715664
32715566
32712514
32712312
32711333
32711322
32711221
32711166
32710495
32709907
32709730
32709718
32709196
32708842
32708761
32708609
32708529
32708454
32707871
32707526
32707316
32706832
32706256
32705355
32704510
32703812
32703299
32702375
32702037
32701499
32701056
32700868
32700529
32700454
32700088
32699120
32699012
32698043
32698033
32698013
32697808
32695809
32695100
32695087
32695079
32693346
32693274
32692860
32692852
32691687
32691330
32691293
32690648
32690645
32690609
32690023
32689945
32689930
32688250
32688186
32688007
32687973
32687937
32687537
32686689
32686210
32685830
32683794
32683293
32683292
32683080
32682908
32681784
32681604
32681313
32681114
32681099
32679343
32679261
32678976
32678731
32678173
32677105
32676056
32672937
32672816
32672115
32671849
32671212
32671053
32670656
32670416
32670406
32670220
32670211
32669863
32669861
32669560
32669095
32669092
32666199
32665343
32665326
32665275
32665016
32664902
32663725
32663201
32662926
32661175
32661124
32661122
32661033
32661001
32660987
32660953
32660278
32660167
32659562
32658670
32658245
32657599
32657381
32655973
32655541
32655514
32655512
32655503
32654615
32654052
32653795
32653777
32653724
32653663
32653516
32653046
32653034
32652450
32652440
32651608
32651390
32650601
32650506
32650496
32650458
32650410
32650149
32649689
32647244
32646659
32646219
32645489
32645036
32641975
32641424
32641063
32640398
32639313
32638294
32638150
32638136
32637600
32636831
32636828
32636655
32636251
32636243
32636051
32635946
32635564
32635294
32634723
32634222
32632259
32631861
32631568
32631562
32631309
32631057
32629840
32629348
32629318
32629269
32629259
32629253
32628660
32627538
32626677
32625185
32625025
32624030
32623198
32623046
32622239
32622213
32621767
32621719
32619202
32618352
32617638
32616264
32615569
32615447
32615438
32615437
32615424
32615351
32615347
32613011
32612384
32612373
32612116
32611793
32611704
32611695
32611367
32610654
32610480
32609433
32608547
32608161
32607922
32607281
32606839
32606832
32606811
32605982
32605922
32605779
32605123
32604894
32604747
32603331
32602885
32602832
32602460
32602459
32601070
32600914
32600270
32600267
32599617
32599390
32598608
32598599
32598186
32598127
32596202
32596125
32595626
32595625
32594639
32594594
34567660
32593188
32593021
32592391
32592387
32591385
32591383
32590188
32590136
32589643
32589623
32588895
32588628
32587860
32587586
32587401
32586455
32586344
32585951
32585945
32585922
32585519
32585472
32582169
32582158
32582117
32582111
32582107
32582100
32582061
32580987
32580735
32580441
32580076
32579326
32578129
32576842
32576671
32575913
32575673
32575633
32575584
32574197
32573452
32572496
32571917
32571818
32571809
32571370
32571272
32569910
32569798
32569308
32567703
32567419
32567009
32566630
32565179
32563772
32561815
32561799
32561723
32561580
32561419
32561418
32560788
32560721
32560673
32560308
32559710
32559543
32558563
32558371
32557678
32557652
32556931
32556198
32555719
32555711
32555702
32554273
32554035
32553109
32553019
32552687
32552452
32552180
32551597
32550237
32548388
32547961
32547503
32547127
32547126
32547119
32546623
32546621
32546616
32546124
32545892
32545885
32545759
32545682
32544444
32542649
32540974
32540973
32540972
32540654
32540627
32540568
32539983
32539963
32539684
32538678
32538066
32536522
32535796
32535433
32535405
32533599
32533320
32532873
32532870
32532070
32531733
32531590
32531232
32531169
32531105
32529482
32528456
32528441
32528156
32527225
32526915
32526436
32526421
32525835
32525833
32525832
32525500
32525051
32525023
32524178
32523579
32523359
32523077
32522827
32522780
32522747
32519939
32518638
32518312
32518231
32518158
32517997
32517221
32516648
32516315
32516308
32516001
32515278
32514214
32514171
32513802
32512474
32512457
32510388
32510322
32510243
32509805
32509768
32509746
32509720
32509598
32509458
32508773
32508758
32507000
32505852
32505655
32505047
32504951
32504650
32503535
32503337
32502801
32502298
32500473
32500310
32499773
32499369
32499133
32498998
32498595
32498199
32497502
32497366
32496386
32496178
32495224
32495035
32494881
32494868
32494581
32493786
32493782
32493628
32493479
32493442
32492979
32492618
32492459
32489301
32488313
32488142
32487753
32487745
32487742
32487739
32486913
32486636
32486359
32486228
32485946
32485471
32485450
32485389
32484428
32483942
32483454
32482165
32481204
32479537
32479092
32477966
32477599
32477313
32477311
32477303
32477288
32477108
32475304
32474845
32474215
32473450
32473433
32473391
32472938
32472933
32472254
32472209
32471975
32471482
32471348
32471075
32470971
32470826
32470758
32470679
32469859
32469781
32467975
32466097
32464410
32463616
32462782
32461608
32461276
32461272
32461266
32460704
32460514
32460178
32460007
32459878
32459799
32457726
32457709
32457251
32457248
32457240
32457154
32457110
32457104
32456625
32456255
32456227
32455801
32455710
32453796
32452672
32452042
32451431
32451375
32450907
32450819
32450799
32449264
32447562
32447139
32447024
32446235
32445835
32444467
32443788
32443639
32443558
32442498
32442199
32442155
32442113
32441046
32440511
32440258
32440171
32440116
32438864
32438143
32438141
32438117
32438084
32437976
32437054
32436832
32436349
32435403
32434552
32434446
32433688
32432585
32432548
32432315
32432073
32430473
32430469
32430407
32430083
32429413
32429211
32429141
32429030
32428556
32427563
32427283
32426473
32426383
32425944
32425560
32424961
32424471
32424247
32424207
32424172
32424122
32424102
32423956
32423905
32423883
32423531
32423466
32422869
32422639
32422499
32420792
32419663
32419626
32419387
32419209
32418691
32417981
32417963
32417659
32417637
32417589
32417561
32417556
32417519
32416475
32416199
32415505
32413738
32413658
32413632
32412248
32411679
32411658
32410630
32410442
32407350
32407346
32407103
32405442
32405370
32405355
32404435
32404055
32404021
32403238
32403086
32402966
32402330
32401864
32401787
32401393
32401328
32401232
32399831
32397917
32396815
32396222
32396198
32394120
32393619
32393499
32393078
32392682
32391909
32391366
32390993
32390983
32390973
32388998
32388302
32388093
32387438
32387436
32387392
32386211
32385260
32385156
32384919
32384624
32384241
32384111
32382563
32381015
32380740
32380392
32380328
32379814
32379065
32379042
32379020
32376847
32375991
32375975
32374900
32374251
32373417
32373306
32373304
32373303
32373078
32371598
32371515
32370551
32370005
32369929
32369165
32368785
32368106
32368101
32367070
32366710
32366588
32366243
32366099
32365359
32364684
32363979
32363857
32363769
32363261
32362886
32362221
32361615
32361498
32361132
32360521
32359438
32358834
32358404
32358215
32357941
32357895
32357866
32357292
32356696
32355781
32355156
32354059
32354004
32353669
32353525
32353363
32353032
32353007
32352619
32352284
32351487
32351290
32351013
32350548
32350222
32350139
32350099
32350098
32350096
32347773
32346782
32346299
32346058
32345645
32345640
32345231
32345218
32344872
32344203
32344122
32344121
32343580