35467758
35467466
35463139
35462934
35462916
35462699
35462165
35462005
35461569
35460969
35460092
35459262
35459160
35459147
35458149
35457238
35457009
35456994
35456958
35456047
35455665
35453614
35453595
35451425
35451181
35450015
35448464
35447272
35447238
35446941
35446554
35445828
35444527
35442450
35441216
35439679
35439439
35438962
35437095
35434739
35433631
35432311
35432147
35431896
35431138
35427106
35426525
35422389
35422204
35421846
35420796
35419606
35419254
35418601
35418116
35417751
35416570
35413853
35413285
35410819
35409291
35408858
35408836
35408519
35406769
35406655
35405323
35402100
35401198
35401150
35401143
35401117
35400295
35398354
35398161
35398094
35395402
35395400
35393241
35392529
35391750
35390465
35390335
35389826
35388616
35387509
35386118
35386099
35385738
35384262
35384164
35380884
35379551
35378298
35372346
35370826
35370614
35370560
35370543
35368464
35368288
35368248
35367881
35364800
35364654
35362005
35360677
35359226
35358180
35356454
35354470
35354378
35354103
35353275
35349884
35348944
35346852
35346747
35344078
35343362
35338993
35337984
35337627
35336174
35335993
35335180
35335178
35333348
35333324
35330435
35329812
35328829
35328802
35328663
35328644
35328067
35327979
35327659
35327657
35327542
35327507
35327408
35327402
35326281
35326266
35323676
35323674
35323658
35322351
35321639
35320722
35320467
35320398
35319359
35318913
35317529
35316827
35314000
35313950
35313342
35312447
35311646
35311644
35311613
35310885
35310782
35309680
35309340
35308234
35307793
35305605
35305243
35304100
35300725
35300705
35299615
35298632
35297741
35296264
35295332
35295090
35294678
35293700
35293018
35293012
35292673
35290551
35289393
35288825
35287845
35286657
35286534
35283328
35281104
35276602
35275226
35273489
35272713
35269888
35269860
35269723
35269632
35269612
35269588
35269543
35265207
35265201
35264932
35264926
35264851
35264725
35264205
35263848
35260199
35260194
35259852
35259816
35259121
35259016
35257836
35257794
35257286
35255303
35253615
35252195
35250595
35250537
35248787
35248698
35248672
35248207
35248198
35248135
35247328
35245859
35245789
35245521
35242028
35241258
35238950
35237232
35236271
35234271
35232622
35231559
35230552
35228332
35227277
35222433
35222337
35222082
35222067
35222009
35220421
35219323
35218960
35218516
35216298
35216053
35215476
35214143
35213966
35210471
35208223
35207764
35207662
35205286
35204840
35204826
35204032
35203634
35203544
35203524
35203424
35203383
35202892
35202705
35202463
35201782
35201675
35198559
35197969
35197920
35197824
35196023
35192158
35192131
35189580
35187661
35187164
35186657
35185590
35185467
35182987
35182322
35181396
35181198
35180925
35177618
35175611
35175263
35174375
35173238
35173016
35170965
35170728
35170406
35166006
35165768
35165318
35164469
35163800
35163711
35163674
35163662
35163618
35163455
35163450
35163337
35163156
35163013
35159383
35159325
35159290
35159248
35159225
35159129
35158118
35154618
35153733
35153730
35153724
35152865
35151798
35149974
35149973
35149357
35149105
35147103
35146012
35145552
35145394
35144097
35143968
35143966
35140617
35139637
35139363
35139319
35139081
35138147
35136958
35135464
35133171
35132849
35130982
35130907
35129449
35129037
35128731
35128708
35128682
35126824
35126128
35126050
35123591
35123529
35122944
35122899
35121556
35115974
35114332
35111369
35111203
35111050
35110634
35105293
35104487
35104057
35102809
35102668
35098272
35094644
35094435
35093470
35091970
35089846
35088910
35088843
35087090
35083662
35083148
35083020
35082326
35081342
35080687
35079008
35078537
35077882
35077762
35073950
35073330
35072836
35070441
35069976
35069178
35068064
35066142
35065969
35064577
35059135
35059124
35058794
35058740
35057932
35057079
35056897
35054815
35054106
35053900
35053854
35053794
35053756
35053402
35053373
35053241
35052785
35051970
35051594
35051374
35048324
35048237
35047012
35046460
35045380
35045377
35042540
35041249
35039238
35037300
35037164
35034598
35033733
35032636
35031965
35030377
35029300
35027106
35026985
35026701
35023107
35023027
35022889
35022748
35022041
35019826
35019699
35017413
35016613
35016464
35014981
35014582
35013904
35013421
35012589
35011435
35010207
35008983
35008978
35008513
35006304
35004675
35003048
35002933
35002691
35002606
35001871
35001385
35000792
34998245
34996388
34995756
34994954
34994003
34992573
34992523
34992442
34991663
34990933
34987466
34987360
34987086
34984651
34984583
34983647
34982393
34982085
34981809
34981563
34979121
34978898
34978799
34978525
34977242
34975917
34975568
34975484
34975454
34973946
34973350
34973023
34972208
34971021
34968953
34968832
34967697
34966257
34965724
34965428
34964690
34963433
34962691
34961526
34961452
34959983
34959868
34957177
34957153
34955848
34955753
34954850
34953315
34953289
34952606
34952414
34952382
34950142
34948195
34948096
34948077
34945503
34944579
34944489
34944418
34944056
34944054
34943986
34943968
34943913
34942058
34940954
34940484
34939537
34938266
34938264
34938252
34937577
34936923
34935119
34933910
34933129
34933123
34932880
34932650
34927571
34926946
34925464
34925179
34924952
34924930
34924922
34918187
34918046
34916658
34914854
34913468
34912207
34912198
34912191
34912047
34911423
34910152
34908112
34905009
34902447
34900915
34900088
34897410
34897021
34893560
34893539
34889995
34888633
34886870
34885693
34884863
34884567
34884544
34884445
34881804
34881085
34880495
34880269
34879805
34879802
34879014
34878844
34876346
34876226
34875658
34875406
34874977
34874917
34873335
34871839
34869330
34867705
34867367
34867284
34867198
34867188
34867177
34867163
34867153
34859311
34857534
34856352
34854172
34852746
34852276
34849883
34848203
34845645
34844494
34839044
34838693
34838263
34838047
34836795
34836059
34835406
34834535
34831318
34831153
34831093
34830553
34830453
34830330
34830321
34830115
34830081
34830060
34830036
34830007
34829958
34829803
34828360
34827542
34827469
34827437
34826792
34826053
34825141
34824257
34823547
34823433
34822611
34820873
34820835
34819847
34819834
34819548
34818971
34818016
34817756
34816426
34813773
34809707
34808519
34805149
34803894
34803717
34803659
34803653
34803632
34803581
34801556
34801473
34801065
34800171
34795572
34792836
34792267
34791088
34790113
34789332
34788310
34788013
34788008
34783031
34782623
34781093
34779338
34778302
34777683
34777200
34776866
34776632
34775263
34775212
34774622
34773593
34773232
34769517
34769512
34769364
34769152
34769062
34769048
34768862
34768742
34767551
34764955
34764846
34763419
34762178
34759815
34758687
34758470
34757090
34756925
34755643
34754867
34753605
34753568
34753506
34753215
34751140
34749425
34748905
34748859
34747778
34746302
34746121
34744697
34744633
34743985
34742724
34738783
34737697
34737414
34736896
34736156
34735921
34733192
34732320
34731014
34728171
34727552
34726235
34724333
34721105
34721056
34721000
34720894
34719978
34719328
34718744
34718269
34713849
34712130
34712129
34711961
34711251
34710745
34710587
34710535
34707490
34707479
34706321
34705126
34705114
34704664
34704220
34703037
34702214
34699745
34699347
34697074
34695538
34695453
34695452
34695393
34694469
34693879
34690746
34690702
34689866
34687956
34685649
34685633
34685563
34685544
34684847
34683928
34682832
34680600
34680571
34680426
34680401
34680143
34680141
34680045
34678990
34678929
34678664
34678481
34678444
34675123
34673262
34673130
34673016
34672220
34669500
34669408
34669122
34665402
34664101
34662226
34660549
34659083
34657937
34657493
34656330
34656141
34656053
34655599
34654853
34654750
34654628
34654017
34652504
34650425
34646113
34639106
34639048
34638979
34638733
34638732
34638725
34638645
34637856
34634413
34634288
34633859
34632910
34631219
34631210
34630859
34630283
34630277
34630029
34630020
34627838
34626793
34624313
34623600
34621163
34620254
34618203
34617936
34616287
34616039
34614020
34608334
34605858
34604368
34603320
34603172
34601811
34598071
34598055
34595954
34595669
34592905
34589047
34586830
34584092
34583988
34583499
34583142
34582997
34582322
34580197
34576314
34576255
34576251
34573328
34573232
34572510
34572436
34572074
34571896
34570656
34569492
34569225
34568343
34567415
34566623
34566573
34566557
34563531
34563511
34562518
34561925
34558637
34558505
34557141
34557068
34553515
34552927
34552130
34551326
34550185
34548404
34545559
34545158
34545064
34544352
34543681
34540974
34540853
34540003
34540002
34539385
34539340
34537465
34537327
34537182
34536521
34536511
34536508
34535635
34535129
34534683
34533113
34532444
34532319
34531807
34531726
34531248
34530866
34528667
34528639
34527421
34527420
34525932
34522219
34521086
34518368
34516921
34515347
34514556
34512767
34512495
34512308
34511919
34511133
34511130
34509920
34509715
34508910
34508845
34506510
34504493
34502339
34502125
34502080
34500673
34499422
34499406
34495449
34494815
34492263
34492237
34492068
34491516
34490217
34489672
34489512
34488813
34488599
34486218
34484988
34483877
34480965
34480268
34478849
34478724
34475403
34474141
34473992
34473357
34473252
34472461
34470776
34470515
34469172
34469070
34467976
34467851
34465339
34464855
34464706
34464655
34464593
34459194
34458251
34456134
34455210
34454830
34453334
34450028
34447296
34446086
34446027
34445429
34445419
34445359
34445147
34445060
34443430
34442438
34442352
34440890
34440812
34440122
34439885
34439798
34439733
34439646
34439617
34437990
34436745
34436409
34435898
34434156
34433559
34433553
34433483
34433118
34432266
34432265
34432262
34430820
34429216
34429075
34429057
34426737
34425643
34425219
34424787
34421813
34421573
34421536
34419154
34418704
34417942
34416891
34414447
34413305
34411383
34411281
34410610
34410345
34408629
34407999
34400291
34395528
34395432
34395428
34393713
34392931
34392925
34392300
34390834
34389887
34388381
34387346
34385008
34383250
34382902
34382120
34381337
34381149
34380901
34380884
34380881
34380534
34379394
34377561
34377557
34376056
34375641
34372927
34372914
34371733
34371143
34370636
34368179
34367475
34367470
34366852
34366828
34366786
34364650
34363729
34363035
34360993
34360973
34360906
34360740
34360699
34360590
34359973
34359958
34359949
34358037
34357949
34357597
34357552
34356873
34356865
34356626
34356604
34356129
34355627
34355532
34354404
34352323
34352295
34351802
34351568
34350508
34349634
34349625
34349617
34348774
34348531
34348130
34347369
34346829
34346106
34345292
34343139
34341363
34339821
34338724
34338566
34337898
34335454
34335276
34335272
34335193
34333522
34332287
34332286
34332030
34332016
34329864
34328594
34325073
34325072
34322008
34321069
34319843
34318658
34315954
34315048
34313926
34313916
34313344
34312413
34311678
34311421
34311029
34310194
34309236
34309082
34308580
34306309
34305527
34304992
34304037
34303703
34303285
34302818
34301881
34299185
34299154
34299071
34299052
34298997
34298993
34298970
34298019
34297074
34296537
34294187
34293301
34292885
34292026
34291612
34290638
34290090
34289347
34286473
34285451
34284880
34283340
34281267
34281203
34280230
34277597
34276768
34276428
34276331
34276297
34275724
34275100
34274995
34274435
34273798
34272784
34271058
34270959
34269500
34269217
34269214
34269209
34269186
34267660
34265337
34262427
34259657
34259342
34257890
34257293
34257008
34255606
34248610
34248604
34248501
34244785
34243731
34242799
34242352
34241570
34237440
34237165
34235588
34235220
34234892
34234678
34234672
34234647
34234452
34233199
34232927
34231533
34229853
34229236
34229061
34226513
34225746
34224891
34224312
34223614
34221005
34220661
34220487
34220439
34220434
34219857
34219522
34219521
34219450
34219295
34218843
34217798
34216727
34216614
34215216
34213901
34213312
34211388
34211366
34210822
34210222
34209978
34209958
34209807
34209586
34209133
34207859
34207849
34206738
34205965
34204164
34204019
34201730
34200087
34200023
34199883
34199513
34199494
34199470
34199295
34198948
34198733
34198557
34197775
34197260
34196026
34194442
34194434
34194298
34194293
34193154
34190355
34183062
34183022
34182099
34182065
34182063
34181930
34179015
34177727
34177463
34176718
34175814
34175787
34174391
34173034
34172098
34172073
34170456
34168550
34168275
34167121
34161210
34160330
34159456
34158851
34156687
34156167
34153974
34153376
34153344
34153312
34152660
34152608
34149693
34149605
34149397
34147914
34147716
34145876
34145553
34140881
34140795
34140581
34137441
34137361
34130902
34130723
34129891
34128452
34128188
34127236
34125498
34122554
34122308
34122039
34122013
34122008
34121996
34121982
34121062
34120081
34119528
34118305
34116476
34116196
34115782
34115635
34115018
34114613
34114509
34113306
34113231
34113230
34110944
34109652
34109172
34108875
34108866
34108863
34108560
34108207
34106682
34103575
34102971
34102212
34100429
34099747
34099564
34098466
34097939
34094152
34093653
34093165
34093157
34093124
34092326
34092254
34091428
34090010
34088880
34087977
34083786
34083666
34082062
34081813
34080741
34078880
34078467
34077728
34077680
34075102
34074767
34074466
34073016
34072743
34072616
34072307
34069857
34069531
34068769
34068460
34068293
34067173
34066168
34065446
34065105
34064775
34064393
34064070
34063878
34063832
34063112
34062240
34060706
34059940
34059824
34058557
34057682
34055858
34055392
34054432
34054416
34052262
34052228
34051439
34051350
34047315
34045943
34043464
34043140
34042421
34040573
34039480
34037850
34037273
34036829
34035398
34034220
34033736
34031910
34031601
34030617
34030487
34029737
34029690
34029679
34028650
34027535
34026810
34025562
34025392
34025336
34025132
34025035
34023421
34022959
34021875
34021216
34019093
34018152
34017830
34015517
34015374
34015263
34012926
34012698
34011927
34011571
34010562
34010470
34010004
34006557
34006157
34004240
34003997
34002678
34002226
34000523
34000497
33998129
33996874
33996696
33996020
33995483
33994934
33994926
33993457
33991894
33991608
33990205
33987940
33986628
33986363
33984802
33984029
33983710
33983096
33981329
33980953
33980320
33980303
33979693
33978902
33978322
33971493
33971487
33970397
33967780
33966426
33965556
33965410
33964983
33964436
33963046
33958374
33958140
33956916
33954904
33953850
33951329
33947463
33947140
33946850
33946022
33942080
33941559
33941284
33941276
33940051
33940032
33937239
33936994
33936579
33936168
33935689
33935687
33935641
33933456
33932867
33932826
33927970
33926571
33926115
33925885
33925063
33924474
33923989
33922505
33922475
33922383
33922322
33922144
33921342
33921250
33920837
33920212
33919990
33919317
33919241
33918672
33918092
33917843
33917816
33917696
33917605
33917417
33915754
33912591
33912023
33912006
33911864
33910518
33910446
33909173
33908669
33907370
33907033
33906001
33905953
33905071
33902129
33900877
33897339
33895351
33894333
33892144
33890542
33889597
33889129
33889083
33889076
33889068
33888787
33887199
33884182
33882808
33881971
33881108
33879715
33877561
33877499
33876786
33874858
33874839
33872681
33872664
33870742
33868384
33867964
33867942
33867940
33863993
33863370
33862143
33861265
33860369
33858285
33857691
33856966
33854472
33854469
33854138
33851776
33849980
33849621
33848002
33847906
33846961
33846297
33845090
33844831
33844641
33844152
33841125
33841102
33836221
33836174
33834709
33833662
33831364
33830476
33829024
33826176
33826063
33826055
33825682
33824317
33819874
33818692
33818484
33818039
33816468
33815092
33813086
33812995
33812867
33811198
33810307
33809730
33809196
33808714
33808124
33807572
33805962
33805792
33805709
33805527
33804820
33804666
33804401
33804386
33803217
33803017
33802760
33802405
33800548
33799827
33795885
33793087
33790839
33790735
33790315
33790226
33789695
33789591
33783963
33783722
33783663
33781562
33780948
33779415
33778998
33776778
33776746
33776642
33775891
33775777
33774194
33772546
33769131
33767659
33766776
33766653
33763767
33762974
33762925
33762908
33762903
33762238
33762006
33761411
33760195
33759979
33758258
33757892
33756233
33756227
33754884
33754760
33754376
33754051
33754030
33752971
33752325
33745923
33745893
33745116
33742459
33742177
33741069
33739481
33739423
33737866
33737752
33737206
33732142
33732141
33732137
33727594
33727157
33727061
33724512
33719097
33719017
33718353
33718349
33717134
33716639
33716020
33715827
33714066
33711404
33710861
33710799
33710299
33709265
33708996
33708959
33708070
33707641
33707598
33706107
33693619
33692101
33690875
33689682
33688396
33688124
33688039
33687901
33687180
33686166
33685517
33684655
33684546
33684392
33682798
33682314
33680283
33679585
33679322
33679321
33676335
33675857
33675462
33675023
33673244
33672866
33672129
33670885
33670754
33670093
33669482
33669308
33669258
33668976
33668938
33668128
33663567
33663561
33661941
33661577
33657427
33655829
33652920
33652858
33652720
33652595
33652441
33652304
33652165
33652070
33649871
33648593
33643025
33642981
33642365
33641570
33639169
33638805
33637689
33636579
33635478
33634475
33634378
33633438
33633188
33632815
33632781
33632146
33632084
33631508
33631470
33630899
33629841
33629768
33629272
33626531
33626063
33625889
33625684
33624140
33623257
33621530
33619405
33618840
33618436
33615605
33613267
33613222
33613100
33611726
33610631
33609641
33609537
33609359
33607107
33606765
33603351
33602091
33600906
33600804
33598405
33597872
33594840
33590776
33588019
33586209
33584810
33584297
33584206
33581934
33578866
33578261
33576313
33575874
33573300
33572862
33572547
33571410
33570475
33569380
33566588
33562550
33562355
33562231
33561976
33560393
33559759
33559482
33558694
33558361
33557211
33557077
33556542
33553359
33553356
33552161
33551954
33550928
33550785
33550459
33549409
33548635
33548010
33547659
33547590
33547249
33546162
33542682
33541434
33540883
33540859
33540525
33540042
33538000
33536571
33535093
33535035
33532143
33530903
33530848
33530211
33529251
33526943
33526371
33525649
33525510
33525407
33523882
33523098
33521008
33519660
33518384
33516815
33515559
33515312
33514394
33513969
33512025
33510704
33510479
33509204
33508286
33507006
33506479
33506048
33505248
33505247
33504293
33504218
33503478
33503372
33501939
33500541
33498513
33498265
33497771
33497435
33496810
33493646
33492604
33490083
33489124
33488772
33486717
33486698
33486153
33483550
33483321
33482753
33481908
33480234
33480232
33479841
33477809
33477664
33477509
33477276
33477142
33476770
33475334
33475022
33472525
33472335
33471285
33470765
33469954
33468657
33466947
33466559
33465841
33465344
33462388
33462293
33461912
33460880
33460813
33460589
33459229
33456444
33454870
33452198
33450997
33450391
33450279
33450277
33449993
33448372
33445607
33445527
33444675
33443645
33442387
33441640
33441541
33441415
33441400
33441358
33441347
33440873
33438267
33436887
33436793
33435952
33435152
33434745
33434528
33433880
33433868
33433498
33433198
33432239
33431881
33431799
33430586
33429752
33428131
33428128
33428127
33427296
33424939
33424597
33424553
33423828
33423317
33422891
33421942
33421490
33421017
33419180
33418139
33418131
33417204
33414713
33414510
33414426
33413468
33412903
33412244
33411523
33410190
33407864
33407732
33406804
33402227
33402207
33402092
33400181
33400180
33400140
33399973
33397266
33395671
33395100
33394333
33394221
33392190
33390807
33387115
33386850
33386822
33385826
33384986
33383752
33383431
33383048
33382092
33381501
33381192
33381076
33381034
33381009
33380435
33378838
33378229
33375558
33375412
33375009
33374302
33372290
33371327
33369003
33368549
33363548
33362539
33359139
33355880
33353765
33352334
33349931
33348670
33348528
33345850
33344613
33344438
33340781
33339477
33339220
33335227
33335112
33334373
33330511
33329699
33329395
33329356
33329348
33328884
33328842
33326883
33326235
33324997
33324194
33324150
33322743
33322544
33322202
33322022
33319748
33318400
33318207
33317827
33317638
33317106
33315879
33314757
33314127
33314010
33313972
33312877
33311478
33310207
33309801
33307186
33304468
33303874
33302561
33302404
33302057
33301129
33300868
33300524
33298940
33298084
33297340
33296973
33296739
33296726
33294121
33284303
33281700
33281563
33281562
33280495
33279668
33279663
33278887
33277577
33277363
33276665
33276471
33276405
33275878
33274002
33270986
33270420
33269108
33269107
33269098
33268824
33268524
33264630
33264576
33261827
33261176
33260513
33259088
33258451
33258193
33258159
33257786
33257258
33256147
33255983
33255764
33255552
33255513
33255453
33254518
33250918
33250847
33250843
33250703
33248207
33246068
33244299
33244127
33244083
33242538
33241887
33240276
33240272
33240080
33239125
33239010
33238492
33238247
33233861
33233734
33233502
33232715
33231380
33231275
33230666
33230634
33230034
33229216
33228797
33228222
33226425
33224926
33223039
33222146
33221846
33221532
33220655
33220428
33219735
33219123
33218345
33217848
33217309
33217173
33216529
33213069
33212456
33212219
33211011
33208501
33208135
33207780
33207662
33207193
33204711
33204697
33204362
33203136
33202971
33200288
33199719
33199205
33198383
33198234
33197957
33197937
33197769
33197504
33197149
33197078
33196951
33196867
33196835
33196165
33195422
33195275
33195151
33194959
33194428
33192535
33192493
33192488
33192447
33190930
33190068
33189969
33189894
33189653
33187550
33187454
33187165
33186692
33186670
33184781
33184465
33183272
33182586
33182028
33180247
33179210
33179197
33178113
33177976
33176649
33176327
33176057
33174059
33173502
33173027
33172889
33172210
33171230
33171211
33171070
33170340
33170078
33168021
33166153
33165828
33163944
33162881
33161784
33159653
33158986
33158039
33156570
33155043
33153085
33152451
33148493
33143239
33143234
33142833
33141428
33139113
33137907
33135846
33133639
33132853
33130274
33129690
33129298
33127097
33126466
33125541
33125229
33122998
33122996
33121873
33121350
33121174
33117606
33117143
33117129
33112420
33109612
33107827
33106549
33106322
33105498
33105496
33105494
33105491
33105138
33102493
33101185
33101176
33099583
33099131
33098824
33097048
33096080
33095382
33093897
33093440
33092647
33091598
33090673
33090625
33087694
33087025
33085068
33081384
33081327
33081049
33079169
33078661
33078197
33076810
33075422
33073981
33071739
33071733
33071725
33070521
33070267
33069379
33069254
33068904
33067781
33067162
33066971
33066795
33066585
33066292
33065963
33065300
33064315
33063743
33063712
33061907
33059546
33059129
33054766
33053739
33052945
33052927
33052247
33051552
33050006
33049985
33049726
33049412
33048932
33046512
33045243
33042734
33042444
33041088
33039521
33037762
33036763
33036493
33035446
33034847
33032797
33032221
33031971
33030514
33030106
33029508
33029201
33029119
33027906
33027662
33023443
33022805
33021824
33021759
33020798
33020408
33015738
33014519
33013309
33013268
33011341
33010946
33010729
33010415
33010393
33007422
33005144
33004840
33004511
33003404
33003328
33000679
33000380
32999166
32998277
32998269
32997292
32994185
32993862
32993798
32993098
32992896
32991981
32991971
32990928
32989052
32988476
32987733
32985731
32985538
32984303
32983181
32982913
32982716
32982698
32982678
32982676
32982671
32980857
32980646
32980059
32978893
32977842
32977020
32976566
32975927
32974756
32973488
32973440
32973290
32972341
32967628
32967368
32964235
32963731
32963705
32963633
32963594
32963231
32962866
32961393
32959884
32959702
32958333
32958216
32958215
32958211
32958210
32957903
32957893
32957534
32953000
32952859
32952573
32951348
32949681
32949555
32947879
32947273
32946211
32945968
32944950
32944919
32944245
32944174
32943703
32943697
32943056
32942544
32941933
32941929
32941881
32941849
32940411
32940168
32940007
32939758
32938453
32938351
32935230
32932753
32932025
32931861
32931652
32929691
32928301
32927725
32925365
32922281
32920285
32918484
32916633
32916628
32914559
32912105
32911456
32910547
32909841
32909054
32906629
32903759
32903737
32900384
32899874
32899026
32898606
32897042
32896821
32896433
32895890
32895786
32894390
32892745
32892415
32887883
32887381
32886496
32882786
32882437
32880929
32880791
32879205
32877710
32877654
32876860
32876841
32875445
32872288
32872063
32870233
32868847
32868602
32867639
32867388
32866001
32865873
32862509
32861834
32860309
32859276
32859212
32858422
32854857
32854851
32854767
32854328
32854212
32851951
32851402
32851396
32850107
32849254
32849243
32849219
32849212
32848706
32848705
32848622
32848616
32848564
32848549
32843100
32842621
32841782
32840822
32839917
32833426
32833122
32833106
32832023
32832006
32828466
32827984
32827336
32827246
32825273
32825242
32824743
32824740
32823543
32821252
32820462
32820178
32818582
32817238
32814168
32814076
32814066
32814053
32811565
32811564
32810848
32810423
32810171
32808832
32806612
32806510
32804681
32801718
32800853
32800535
32800276
32799572
32793545
32793081
32792920
32791516
32791113
32788341
32786232
32784741
32784556
32784364
32784004
32783101
32778942
32777174
32774906
32772264
32767890
32767032
32764283
32763910
32763254
32762399
32761679
32761559
32760251
32759767
32759167
32758587
32758586
32758483
32758448
32756440
32756187
32751991
32751957
32751250
32750952
32750380
32750315
32749157
32747831
32747678
32747020
32746800
32745442
32744596
32742935
32742795
32742347
32742256
32741912
32740900
32739173
32739013
32739012
32738344
32736806
32736085
32734738
32731760
32731393
32729289
32729234
32727328
32726472
32723867
32723543
32723240
32722889
32722559
32721993
32721557
32719651
32719407
32717806
32717354
32714664
32714487
32714143
32713260
32712947
32712946
32711525
32708853
32708806
32708779
32708313
32707908
32707222
32707090
32707086
32706201
32705819
32704412
32701955
32699277
32699252
32699140
32699111
32699110
32698402
32697389
32691043
32690856
32690710
32687232
32683186
32682845
32682829
32681785
32676851
32676050
32674562
32674182
32674181
32673674
32673410
32672336
32672090
32671744
32671739
32671737
32671691
32670176
32668263
32664669
32664352
32661370
32661099
32661089
32657895
32657894
32656641
32656207
32655769
32654149
32654083
32653673
32651439
32646017
32645433
32644976
32644907
32644125
32643028
32641494
32641146
32641001
32640513
32638105
32636727
32636369
32634439
32634395
32633615
32632666
32630239
32629752
32629339
32628780
32627720
32626716
32625160
32625117
32625061
32625058
32623621
32623334
32621747
32619141
32618370
32616652
32616078
32616075
32614981
32614160
32613670
32612506
32612503
32611440
32610630
32610599
32610099
32608417
32607324
32606511
32603833
32601305
32599704
32599162
32599126
32599000
32598938
32596368
32596207
32595486
32595447
32592479
32591562
32589126
32588710
32588460
32588144
32587570
32586831
32586411
32585871
32585840
32585618
32583667
32583411
32582014
32581720
32581715
32581709
32581707
32581697
32580314
32580073
32580013
32579912
32576912
32575372
32574842
32571942
32569800
32569484
32566844
32566248
32566108
32564745
32564594
32562141
32561641
32560802
32558493
32558113
32557963
32557873
32556928
32556533
32552681
32552676
32552273
32550261
32548430
32547476
32547468
32542698
32539856
32539819
32538881
32536617
32536421
32535679
32535626
32535482
32534124
32533504
32531460
32529541
32528949
32526949
32526385
32521495
32520953
32517180
32516740
32515603
32514138
32513498
32510746
32509144
32508627
32507685
32504755
32499675
32498636
32498357
32497590
32497448
32497444
32497246
32493775
32493431
32488697
32488469
32488296
32486438
32485229
32483284
32481507
32480240
32479602
32479211
32479209
32477187
32477070
32474958
32474742
32474381
32473508
32473167
32472519
32471232
32470859
32470641
32469899
32468479
32468478
32468476
32468469
32468463
32468456
32468026
32467226
32466255
32466148
32463968
32463554
32462543
32458851
32457568
32457038
32456491
32455907
32455791
32455709
32455692
32455657
32454319
32454127
32454038
32453327
32450546
32450180
32449122
32447250
32446776
32445791
32444498
32442150
32441492
32437836
32437029
32436108
32435914
32431092
32430843
32430695
32430275
32429992
32429787
32429337
32429102
32425941
32425128
32424773
32424039
32424038
32422897
32422324
32421399
32417755
32416267
32415281
32412802
32411087
32410944
32410936
32409511
32408504
32408480
32401824
32401475
32397749
32397599
32397320
32396465
32394964
32394945
32394004
32393075
32393024
32392803
32392751
32392722
32390854
32390843
32390044
32389800
32389589
32388125
32387649
32385326
32385113
32384912
32382948
32382538
32381174
32381108
32380197
32380032
32380022
32377977
32377374
32377293
32377164
32375819
32375042
32374064
32373852
32373052
32372911
32372896
32372869
32371566
32371107
32370170
32366948
32366277
32365404
32363199
32362813
32361946
32361312
32360789
32360664
32360241
32360098
32359657
32358064
32356318
32356199
32354745
32354178
32351363
32348223
32347591
32347461
32344649
32344560
32342435
32341125
32335431
32335388
32335354
32333098
32332800
32331311
32327969
32326425
32326255
32325953
32325336
32325150
32323294
32323181
32322257
32322236
32322198
32321297
32317964
32317916
32317913
32312243
32311969
32310632
32310630
32305590
32304722
32304031
32303872
32303640
32302572
32298691
32294462
32293012
32292781
32292555
32291635
32286945
32286796
32286157
32286126
32283224
32282825
32280231
32279952
32279715
32279133
32277755
32277260
32276105
32274857
32273850
32273551
32272665
32271444
32270466
32270465
32269505
32266645
32266542
32266049
32265740
32265685
32265681
32265623
32264890
32259666
32257546
32256685
32256606
32255788
32251314
32251304
32247802
32247606
32247375
32247373
32247368
32246624
32245654
32245267
32245050
32244357
32244295
32243913
32242285
32241604
32240781
32238886
32238065
32236823
32235595
32235485
32235053
32234507
32232768
32228341
32227966
32226991
32226375
32222928
32221697
32220666
32219729
32217127
32216003
32214165
32212415
32210766
32210760
32208672
32207833
32206388
32206241
32205441
32203916
32201914
32201749
32200689
32198958
32198061
32197303
32197075
32196442
32194368
32190992
32188741
32188696
32188044
32187564
32187538
32186763
32184709
32184604
32180125
32179957
32179492
32179240
32179176
32176074
32175781
32174813
32174567
32172687
32172583
32171895
32170854
32170790
32170772
32168955
32168775
32165170
32165138
32164772
32162143
32162061
32160551
32160527
32158393
32157762
32157731
32155927
32155206
32154247
32154224
32153388
32152380
32151030
32150493
32150226
32150220
32149150
32149119
32148652
32147532
32147204
32144144
32142708
32141798
32138195
32134423
32131761
32130977
32129938
32129354
32129164
32129117
32127559
32127017
32124921
32124697
32122325
32121304
32120776
32117239
32117037
32116848
32116773
32116560
32116491
32116056
32115506
32114464
32114119
32113044
32112042
32112041
32112040
32109623
32108297
32108008
32104476
32103922
32103766
32102186
32097443
32096416
32096091
32096033
32095862
32095707
32093165
32093011
32090598
32090565
32089785
32087591
32087291
32087288
32087199
32085981
32083454
32082115
32082104
32081533
32081027
32077057
32076055
32075760
32073441
32070373
32067426
32065223
32063824
32063230
32062158
32060981
32060376
32058066
32057802
32057797
32057617
32053076
32053075
32051502
32050811
32050523
32048433
32048142
32048098
32047510
32047471
32047113
32046135
32046097
32045897
32045356
32044344
32043626
32042789
32042150
32041096
32040555
32038461
32038255
32037700
32033569
32033116
32032505
32029967
32028762
32028661
32028212
32028123
32028070
32027890
32027843
32026599
32026459
32023927
32021611
32020642
32019531
32019113
32018003
32017870
32017806
32015009
32012898
32012815
32012164
32010340
32010257
32008371
32008365
32008133
32005848
32005838
32003796
32003672
32003387
32001620
32001239
32000889
32000018
31999331
31998762
31998450
31998208
31998141
31998117
31998073
31997795
31997581
31997357
31996329
31996268
31995984
31995983
31993653
31993129
31991818
31991575
31991177
31989833
31987239
31982476
31981631
31980637
31979301
31979113
31978602
31978398
31974344
31974166
31973122
31973095
31973065
31971364
31970658
31970402
31968994
31963202
31962122
31961459
31960630
31957613
31954874
31952573
31950453
31947790
31944090
31942251
31941117
31937156
31936622
31936297
31936288
31934864
31933283
31931739
31931140
31931099
31930617
31928838
31927474
31927143
31927133
31927055
31926979
31926275
31926248
31925668
31924476
31923257
31922650
31922583
31922322
31921854
31921773
31920728
31920684
31920624
31920544
31920490
31920471
31920071
31917799
31916219
31916030
31914925
31914906
31914654
31913476
31912442
31912433
31910440
31909584
31907603
31906226
31902706
31902365
31902153
31902116
31900814
31900098
31899994
31899970
31899072
31898278
31897088
31895158
31895156
31894568
31893437
31892211
31891527
31889605
31888221
31887286
31885352
31883121
31882736
31882005
31880908
31878035
31877659
31877354
31877117
31876684
31871541
31870800
31870389
31869847
31869371
31868751
31868588
31867326
31866858
31866853
31866813
31866807
31866559
31865964
31865746
31864209
31864019
31863335
31861986
31860947
31860686
31857644
31856243
31855247
31854490
31853557
31852722
31851921
31850070
31849816
31849582
31849332
31848436
31847859
31847086
31841683
31838329
31836444
31830646
31829802
31829281
31826134
31824395
31824256
31824242
31823885
31821021
31820699
31820278
31818365
31816853
31816333
31816046
31816043
31814304
31813996
31813204
31812544
31811838
31809788
31809729
31807819
31804376
31803047
31799725
31799625
31799531
31798451
31797761
31797758
31796494
31796305
31795242
31793776
31793683
31793596
31792556
31792092
31791377
31790727
31788332
31787569
31786267
31785300
31784483
31783880
31783239
31781354
31781339
31780895
31779825
31779824
31779814
31778772
31778666
31774647
31771416
31767822
31766995
31766896
31765661
31764802
31763973
31763743
31761689
31760962
31759995
31759414
31759135
31758979
31757107
31756328
31755702
31755389
31754998
31754175
31752705
31752124
31751329
31749292
31747967
31745548
31745133
31744447
31742901
31742766
31741224
31737212
31736866
31736737
31736708
31736705
31736687
31735037
31734278
31733690
31733285
31730887
31730791
31727161
31726669
31726459
31726180
31724708
31723121
31723029
31722195
31721530
31720728
31718095
31713773
31713101
31713009
31711508
31710340
31709780
31708781
31708741
31705657
31704691
33405702
31702813
31702142
31701332
31701227
31699992
31699670
31699329
31699326
31697876
31696585
31696233
31696228
31695592
31694297
31692944
31692669
31689888
31687836
31686397
31684754
31683630
31683043
31682956
31682224
31680874
31680836
31680172
31679952
31679252
31678616
31677478
31676756
31671557
31670780
31670201
31670008
31669775
31669734
31666100
31665631
31665133
31664033
31662657
31660984
31655922
31655003
31654885
31654383
31652745
31651708
31651510
31649738
31648416
31646542
31646531
31644927
31642904
31640150
31639616
31638087
31637699
31637009
31636558
31636095
31635205
31632982
31632741
31632295
31632239
31629801
31629004
31628580
31624998
31623622
31621626
31619995
31619545
31618777
31617375
31617312
31616540
31616427
31616363
31616255
31615073
31611772
31610847
31608112
31607898
31607780
31607351
31604413
31603947
31603904
31601902
31601117
31599037
31597644
31596069
31594536
31593562
31589897
31589601
31589352
31588808
31588711
31588690
31588371
31586701
31586482
31585367
31584763
31583595
31583594
31583417
31583052
31581064
31575928
31574343
31572399
31572163
31572126
31570855
31570707
31567112
31565731
31563913
31562633
31562628
31561471
31560163
31555199
31555123
31553914
31552885
31551714
31546689
31546048
31543505
31543469
31543404
31541140
31540362
31540057
31539139
31535639
31535203
31530311
31530263
31527327
31527325
31526984
31525350
31524966
31522116
31521619
31520966
31520513
31519304
31519175
31518519
31517587
31516023
31515522
31515517
31515419
31513212
31512413
31511419
31510706
31510091
31509940
31508228
31507517
31507484
31507404
31507358
31506009
31505260
31499139
31498141
31497223
31495585
31495387
31494281
31494143
31493925
31493762
31493240
31493230
31492831
31491732
31490941
31487457
31486689
31485933
31482748
31481297
31481163
31481160
31481130
31480727
31478145
31478124
31477333
31476356
31475037
31474832
31473905
31472382
31472037
31471687
31470104
31467767
31467369
31463792
31454800
31452956
31451511
31451204
31450774
31447771
31447678
31447650
31446202
31445159
31444388
31444357
31443568
31443216
31442918
31442708
31442405
31442326
31440393
31440389
31440124
31438853
31437626
31435482
31434196
31432317
31431502
31430865
31430752
31430650
31430564
31429341
31428926
31428042
31427599
31427373
31426571
31424301
31424187
31422569
31421410
31421155
31420463
31418027
31417481
31417480
31417398
31417349
31417345
31417337
31416725
31416163
31414322
31413197
31413155
31412103
31411468
31410002
31408492
31406668
31405128
31404311
31402611
31401920
31401622
31400485
31398187
31396803
31396517
31396345
31396143
31394200
31394062
31392537
31391546
31391247
31391115
31390782
31390360
31388798
31387243
31383338
31381978
31381977
31381155
31380975
31380435
31379732
31379730
31379510
31378671
31378462
31377878
31377428
31376341
31376168
31376068
31376067
31375134
31374230
31372510
31372185
31370232
31369776
31368550
31366968
31366728
31366635
31365638
31361599
31359797
31358992
31358058
31357662
31356876
31356849
31354916
31354783
31354509
31354413
31351172
31350420
31348605
31348003
31346243
31346219
31344808
31342202
31341531
31341171
31341017
31341015
31340844
31340569
31338163
31337709
31337416
31336937
31336935
31333567
31333434
31333403
31333395
31332763
31332381
31332262
31331814
31330122
31330099
31328804
31328696
31327739
31327635
31327120
31327044
31326867
31326748
31326236
31326108
31325578
31325424
31324530
31323761
31323084
31321962
31319163
31318699
31316347
31316328
31314165
31313908
31313906
31312838
31312118
31310801
31308799
31308796
31308793
31308791
31306078
31303172
31302194
31300701
31300049
31300041
31298838
31298459
31297637
31296240
31296176
31295866
31295812
31293412
31293381
31292500
31291551
31291099
31288821
31286411
31286349
31286142
31285742
31285428
31282612
31282572
31282030
31281579
31281384
31280399
31280302
31277555
31276772
31275228
31275138
31274694
31274278
31273236
31272106
31268707
31268600
31266806
31266172
31266069
31264132
31262807
31260730
31257319
31256792
31255842
31254560
31252669
31252211
31250621
31250578
31250383
31248781
31248289
31248209
31248062
31247877
31244934
31244613
31244606
31244427
31236909
31235907
31234550
31234321
31233825
31231193
31226626
31223421
31221560
31221184
31220543
31216356
31214167
31213970
31211954
31211444
31210581
31210367
31209203
31208129
31208096
31206560
31205938
31203904
31202840
31202091
31201887
31201651
31199471
31197139
31195749
31195629
31194956
31194249
31192942
31192157
31191752
31191244
31190838
31189985
31189354
31189016
31187217
31186086
31185936
31184559
31184217
31184206
31183926
31182772
31182094
31181282
31179783
31178714
31178126
31176720
31173847
31173244
31171723
31171460
31170506
31170426
31169189
31168332
31167194
31165337
31165008
31164693
31163396
31162489
31161803
31160442
31159465
31157458
31156380
31156376
31155585
31152974
31152702
31150592
31147178
31145310
31143651
31142553
31142272
31141951
31140598
31139305
31139246
31139141
31139034
31138885
31138214
31136814
31135048
31134679
31134678
31134487
31134076
31134031
31133804
31133796
31133781
31133696
31133214
31131421
31130833
31130064
31129201
31127937
31126791
31125602
31125098
31123003
31121890
31120896
31119864
31119171
31118292
31118068
31117343
31117082
31116639
31114736
31114543
31111143
31110191
31108504
31108174
31107893
31102901
31102766
31102752
31100684
31099751
31099551
31097543
31093882
31092554
31092212
31092047
31089885
31089063
31088970
31088629
31085614
31085292
31083327
31082398
31081340
31080832
31080456
31079315
31078687
31078537
31075111
31074541
31072331
31071521
31069845
31069754
31068777
31068198
31067465
31067440
31064841
31062393
31062392
31062330
31060816
31060381
31058688
31056528
31054884
31054882
31054542
31054318
31053641
31051215
31043593
31042572
31041379
31040784
31040178
31038737
31038440
31038240
31038041
31037649
31036560
31035749
31033014
31032141
31031659
31031598
31031584
31031582
31029017
31028778
31027887
31024027
31023316
31023181
31022419
31020731
31019447
31018120
31017923
31017288
31016762
31014564
31013844
31013638
31013340
31011473
31009345
31008845
31007436
31006539
31006097
31006066
31004593
31003583
31000720
30999865
30998500
30997830
30992523
30992040
30990952
30989810
30989774
30986918
30985830
30985105
30982600
30980848
30980229
30979360
30976389
30976013
30975983
30975898
30973934
30973875
30973561
30972332
30972181
30971911
30971206
30967892
30967783
30967463
30966844
30965555
30963113
30961871
30959565
30958120
30956667
30954790
30954437
30952364
30951739
30949953
30949935
30947229
30946848
30946007
30944718
30944478
30944217
30943415
30942936
30941646
30941587
30941017
30941013
30940536
30939814
30938889
30938419
30936821
30936243
30930742
30930096
30929880
30929741
30929165
30928737
30928494
30927917
30926772
30925741
30925614
30924108
30923003
30922957
30919333
30919268
30918483
30918303
30916978
30915984
30915432
30915197
30914652
30914480
30914059
30914023
30910980
30910913
30909609
30909571
30905782
30905397
30904976
30902161
30901378
30899244
30899220
30898012
30897353
30897183
30894116
30890329
30889210
30888715
30888334
30887200
30885820
30885169
30884983
30883896
30883675
30880001
30878547
30878533
30877738
30877731
30876593
30875755
30874945
30872401
30872158
30867520
30867233
30866553
30866550
30865887
30863279
30862089
30858799
30857558
30856185
33405649
30849447
30849180
30846947
30844401
30843473
30843138
30839222
30838509
30837953
30837941
30837843
30837825
30836725
30835213
30833669
30831216
30827875
30827243
30826419
30824866
30824685
30821607
30820936
30820468
30819079
30817901
30815970
30815310
30810945
30810599
30809552
30808415
30808345
30807353
30805918
30804241
30801350
30796968
30791549
30790609
30790558
30790324
30789229
30788058
30784262
30782538
30782181
30781608
30778428
30775214
30772379
30769046
30761996
30759385
30758077
30756309
30756215
30756103
30755483
30748003
30747419
30746828
30744070
30742586
30741972
30739428
30739266
30735733
30735496
30735286
30734989
30733703
30728884
30726905
30721448
30721407
30721406
30721274
30720478
30718999
30717182
30716485
30716101
30714527
30709847
30707354
30707071
30706368
30703873
30700593
30700231
30699345
30698408
30697143
30696863
30695709
30695639
30694922
30692515
30691483
30690059
30690031
30688273
30688255
30687707
30687223
30687015
30686971
30686964
30685535
30684677
30684153
30682886
30682813
30682636
30682584
30681612
30679616
30678122
30677568
30677475
30674036
30673121
30669473
30668642
30668379
30666558
30666187
30665444
30664919
30664869
30663459
30663117
30662394
30660866
30660673
30660504
30659958
30658261
30658253
30657762
30657305
30656599
30656593
30656405
30655290
30654492
30654461
30652969
30650523
30645580
30644555
30643024
30639851
30638753
30638083
30636905
33405873
30636067
30635263
30634989
30633870
30632085
30630292
30630168
30628835
30628099
30627368
30626734
30626575
30626145
30623783
30622072
30622034
30621672
30621069
30620913
30619483
30619446
30618638
30618622
30618600
30618597
30618593
30618562
30618245
30617737
30617569
30613344
30612744
30611289
30610652
30610612
30606613
30605670
30605060
30604771
30602170
30601984
30598880
30598503
30598025
30597930
30596883
30594776
30594603
30594291
30593503
30592597
30591585
30590907
30590647
30590615
30590105
30590011
30590010
30589867
30588903
30588707
30588505
30587972
30586546
30583216
30582825
30580037
30579705
30578866
30577865
30577465
30574044
30572951
30572643
30571737
30571081
30569449
30569390
30568577
30566867
30565720
30564290
30563563
30563404
30563060
30559154
30558641
30558556
30558513
30557068
30557037
30556160
30554964
30554614
30551598
30551564
30551186
30550633
30549197
30545942
30544533
30544465
30544254
30541602
30524706
30524361
30539811
30538801
30538129
30537635
30534046
30533414
30532948
30532692
30531064
30531004
30531003
30530996
30530893
30530798
30530378
30530196
30529631
30528255
30528226
30528127
30527894
30527591
30526473
30525842
30521790
30520740
30518638
30503716
30501635
30517862
30515991
30515523
30513729
30501965
30500334
30499393
30498468
30489668
30489666
30488277
30487774
30486714
30486438
30486385
30486313
30483944
30481056
30479356
30479271
30476097
30474958
30473884
30472601
30471283
30468479
30468382
30465751
30460748
30460091
30459700
30458134
30457570
30455692
30455639
30455635
30455632
30455355
30455313
30453928
30453732
30451892
30450854
30447198
30446391
30445661
30443201
30439458
30431142
30428519
30427560
30426811
30426321
30425989
30425673
30424785
30424732
30423807
30423259
30420872
30419255
30417265
30414557
30412728
30407295
30406848
30405355
30404553
30401437
30400801
30400122
30399099
30397182
30396695
30396032
30394676
30394318
30393045
30391546
30391288
30391265
30390709
30390681
30390679
30388754
30388515
30386207
30385368
30384419
30382871
30377748
30376609
30376380
30369866
30368622
30367943
30366628
30365972
30365626
30362419
30360002
30359634
30358836
30358470
30357366
30356861
30356682
30355486
30353568
30352948
30350845
30349448
30346718
30346063
30345833
30344476
30344044
30344007
30343032
30342764
30340406
30334443
30334335
30333228
30333186
30324308
30324134
30323741
30323124
30322673
30322030
30321600
30321187
30319346
30319082
30317930
30317430
30317048
30316979
30314595
30312605
30311580
30310937
30305625
30303857
30302804
30301132
30300891
30300572
30296255
30296176
30295421
30294800
30294253
30292541
30291956
30288644
30288223
30279428
30279180
30277753
30275016
30273553
30273550
30271147
30267995
30267747
30267138
30263706
30261683
30259405
30259257
30258348
30258235
30256975
30256786
30256435
30256388
30255459
30254377
30253869
30252181
30249986
30249333
30249280
30245615
30244611
30242625
30242290
30242188
30239142
30238989
30237167
30236862
30233682
30233351
30232750
30232451
30232286
30230161
30229438
30228038
30225776
30223705
30223231
30221933
30219940
30217183
30216892
30215697
30214425
30214078
30213953
30213442
30213256
30213230
30210331
30210294
30210287
30210275
30208281
30206190
30205389
30204543
30203456
30201881
30199223
30198457
30198379
30196300
30195439
30194957
30194648
30194392
30194296
30194046
30192228
30190267
30189875
30189584
30189290
30187490
30186443
30185623
30183622
30181190
30179644
30179641
30176269
30171839
30171196
30168606
30159850
30158237
30157866
30155805
30154836
30154826
30154436
30153683
30150769
30149687
30149534
30145597
30143980
30142698
30142602
30142564
30141626
30140941
30138454
30135651
30135644
30135302
30132356
30131665
30127103
30127102
30124150
30121445
30120266
30118749
30118716
30117532
30116940
30116300
30111334
30109072
30107216
30107207
30106034
30103036
30103000
30102955
30102775
30097997
30097731
30097565
30097493
30097477
30096853
30093881
30093867
30093405
30093363
30092616
30090057
30089514
30089221
30088969
30087649
30084913
30084096
30082668
30082385
30078232
30077763
30076830
30075336
30075293
30074759
30073507
30072954
30072868
30070145
30067897
30062675
30062400
30062056
30061826
30061574
30060831
30060017
30058023
30057671
30057285
30054789
30053450
30052418
30051350
30050408
30050035
30048237
30046373
30046008
30044648
30043530
30043261
30041668
30040875
30039439
30037128
30035128
30033758
30032423
30032046
30031993
30030380
30028342
30027907
30027905
30027562
30026307
30025832
30025485
30023743
30022605
30018533
30017954
30017231
30015953
30015245
30014840
30014472
30013199
30012555
30011109
30010139
30008867
30006346
30005578
30002978
30002620
30001633
29997244
29995256
29992884
29985117
29981842
29980212
29980072
29974078
29973113
29972417
29971247
29971110
29971037
29971003
29968200
29966582
29963008
29962931
29961958
29959974
29957921
29956026
29954413
29953699
29951816
29951814
29951500
29951498
29951497
29949766
29948594
29948552
29946959
29946685
29945973
29940476
29940173
29939203
29937392
29934409
29934293
29933890
29933755
29932100
29930942
29928659
29921587
29916049
29915557
29915533
29915045
29914757
29914358
29913079
29909688
29908972
29908125
29907758
29905912
29904888
29904334
29903615
29903538
29901988
29899688
29898679
32042867
29892055
29891783
29891550
29890847
29890743
29889309
29888308
29888263
29887525
29886133
29882798
29882754
29879881
29879191
29879046
29878075
29877067
29875655
29874575
29874572
29872373
29872297
29871644
29871515
29869722
29867568
29867354
29866628
29865938
29865187
29865151
29860463
29860398
29859318
29857583
29855979
29852219
29851783
29849897
29848382
29847787
29846796
29845377
29844807
29844403
29843805
29843688
29807653
29807219
29807145
29806773
29804289
29803646
29803506
29802857
29802200
29802126
29801887
29800782
29800676
29800593
29799467
29799460
29798691
29794127
29790082
29789529
29789466
29788997
29788038
29787603
29786072
29784049
29782794
29781875
29781786
29780321
29779682
29779184
29777676
29777524
29776378
29775216
29774890
29774231
29768974
29768217
29766931
29766653
29765078
29763806
29762523
29762036
29760185
29760078
29758256
29756568
29755290
29753755
29753706
29753274
29753269
29752409
29751845
29751506
29751083
29748605
29747822
29744796
29743609
29742799
29742314
29741669
29740392
29740382
29739804
29738851
29738500
29735432
29734917
29734651
29732973
29732949
29732929
29732581
29732450
29731707
29729422
29728813
29728608
29727632
29726814
29725949
29725045
29725038
29723199
29722329
29722054
29720959
29720803
29719505
29719400
29719000
29718201
29718131
29716629
29716431
29714429
29713895
29713861
29713339
29713302
29713276
29712690
29704639
29700661
29699515
29695954
29694927
29694644
29690822
29689097
29686602
29686598
29685286
29684753
29684335
29681884
29681010
29678547
29677167
29676229
29676181
29667443
29666246
29666144
29665606
29665383
29664058
29663735
29663416
29659001
29656361
29656178
29656010
29653596
29653550
29650983
29649746
29643836
29642617
29642165
29637851
29637815
29636413
29634982
29634760
29634342
29632364
29630699
29629495
29629025
29627340
29626319
29625568
29625255
29624777
29624734
29624648
29623840
29622019
29615966
29615896
29614705
29611404
29608948
29608779
29604467
29604408
29599782
29599704
29597065
29596798
29594986
29593492
29590100
29589276
29588456
29581092
29576855
29576851
29576695
29576242
29575445
29575030
29573842
29573789
29571850
29568518
29567428
29567426
29563254
29562705
29560583
29560381
29559949
29559385
29558667
29557362
29557361
29556029
29555950
29552727
29551980
29548329
29545836
29545515
29545202
29541020
29540477
29536502
29534847
29531792
29531287
29530980
29530757
29528516
29528247
29527170
29526794
29526615
29525604
29525178
29524051
29523800
29520325
29518107
29518051
29515860
29515558
29515489
29514054
29513569
29512453
29511163
29510211
29509812
29506883
29505610
29503630
29502349
29502334
29501892
29500230
29497168
29495962
29494741
29493301
29492791
29492779
29492593
29490232
29489501
29489040
29488820
29486295
29486010
29485015
29484840
29484263
29483870
29482817
29480462
29479303
29477076
29475631
29475564
29474918
29473493
29472887
29471842
29469023
29468174
29467644
29463856
29463726
29463056
29460268
29459769
29459142
29454581
29454326
29453933
29449528
29445532
29445325
29444500
29443939
29441014
29440768
29439846
29436943
29435097
29434569
29434433
29429782
29427108
29427096
29426354
29426225
29424300
29421973
29419747
29419699
29418027
29417473
29416523
29416036
29415619
29413175
29411264
29411261
29411106
29409838
29409699
29409157
29408933
29408288
29407955
29405034
29405033
29405031
29405028
29404958
29403429
29403371
29401741
29400144
29400127
29399649
29399048
29397533
29396541
29393440
29391520
29390885
29390184
29386873
29385079
29383690
29382725
29382721
29382333
29382106
29380416
29380287
29379112
29378824
29378454
29378222
29377621
29375674
29375298
29375285
29372743
29371591
29370934
29370524
29368325
29363909
29363335
29361832
29360466
29360284
29358920
29358329
29357233
29357227
29356974
29355642
29354029
29351877
29349556
29348737
29345576
29345124
29344421
29344413
29342421
29340929
29338042
29336843
29335844
29335826
29331938
29331395
29331073
29330304
29330303
29330040
29330017
29328442
29326640
29325505
29321508
29321247
29320986
29318972
29317501
29317070
29316812
29316776
29312877
29312526
29311957
29311817
29311581
29308873
29308690
29307858
29306331
29303784
29301985
29301548
29298173
29297151
29294332
29294239
29292421
29291747
29290406
29287545
29285938
29285884
29285040
29285004
29284168
29281826
29281123
29281014
29280954
29279867
29279394
29276379
29273399
29272738
29271934
29271539
29270849
29269015
29268131
29266798
29263232
29259550
29259100
29258536
29258495
29258283
29257339
29257079
29255601
29255414
29254402
29251941
29251109
29250595
29249681
29249384
29249016
29248451
29247683
29243911
29242004
29241710
29240689
29236052
29235615
29235432
29235019
29234887
29233636
29230019
29229998
29229810
29228214
29223504
29221856
29220126
29217998
29217584
29216633
29211771
29210654
29209912
29209218
29208638
29207890
29204109
29201176
29200434
29200096
29198720
29198480
29197516
29197070
29196966
29196098
29193274
29192133
29191430
29190314
29184432
29183303
29179256
29177188
29174020
29171440
29170097
29168380
29165354
29164496
29163343
29163142
29163024
29163013
29160009
29157804
29157304
29156906
29154484
29153852
29151169
29150766
29150527
29149825
29148035
29147908
29146293
29143692
29143208
29142509
29142232
29141817
29140922
29140815
29140459
29139199
29137817
29137186
29137045
29135941
29135436
29134320
29133178
29132391
29129748
29128630
29126071
29125980
29125828
29125194
29122935
29118923
29118375
29117794
29116612
29116080
29115989
29115822
29115515
29115051
29114218
29111377
29111090
29111006
29109789
29109506
29106755
29105497
29104535
29104532
29104236
29104136
29103988
29102179
29101940
29101738
29101527
29100067
29100009
29099306
29097312
29097221
29096547
29096245
29095329
29093681
29090607
29090463
29090418
29089996
29089995
29089980
29088144
29087238
32104363
29082783
29081603
29080525
29080524
29079197
29077524
29076006
29075922
29075837
29075567
29074032
29073458
29070698
29064456
29059709
29058763
29056900
29056226
29054467
29054324
29054022
29053860
29053785
29053777
29051730
29049853
29048461
29046880
29046475
29045563
29042637
29042514
29040655
29039849
29037152
29035839
29032054
29031602
29029214
29024794
29024655
29024164
29023184
29022894
29022701
29020802
29020610
29020106
29017626
29016853
28993751
28993646
28993311
28988132
28986324
28986311
28985936
28984087
28981597
28981345
28980867
28978942
28977445
28976233
28975502
28975240
28973294
28973139
28972160
28971464
28971447
28971419
28969383
28966650
28966636
28966121
28965931
28965245
28964722
28962574
28961092
28960838
28955219
28953220
28952032
28948711
28945811
28944891
28943414
28943274
28942688
28941592
28938120
28934397
28934392
28934387
28931804
28929759
28929129
28928221
28928079
28927719
28926110
28924920
28923481
28923065
28920532
28919464
28918091
28915465
28915354
28914201
28912709
28912673
28912672
28911205
28906270
28903070
28902166
28901522
28900727
28900007
28895401
28894122
28890695
28890689
28889317
28888971
28885866
28883016
28881425
28879423
28873462
28873374
28871262
28871219
28870765
28870559
28868116
28868048
28867799
28867719
28867595
28866850
28864830
28864542
28860970
28856541
28855811
28855124
28855100
28854169
28853910
28852871
28852135
28851138
28849508
28849460
28849455
28849165
28847305
28847298
28844784
28844667
28840561
28840559
28840473
28838658
28837882
28837265
28837077
28836116
28835281
28834910
28833537
28833176
28831083
28827321
28827150
28827127
28826374
28825895
28825683
28824956
28824465
28824365
28823891
28822818
28821618
28821408
28821274
28817209
28815699
28814543
28813012
28812047
28809157
28807728
28805578
28804456
28803271
28800101
28800070
28799782
28799778
28799498
28799487
28798232
28796285
28796199
28794131
28792471
28792249
28791585
28791401
28790913
28782623
28781201
28779977
28778442
28778432
28778179
28774347
28770651
28770440
28769865
28769761
28764903
28763002
28762086
28761418
28760828
28760825
28760823
28752900
28751802
28751688
28751472
28742871
28742151
28737687
28736521
28736195
28732510
28731859
28731838
28729832
28728464
28725179
28724340
28721823
28721811
28720882
28720848
28720718
28720101
28717417
28713250
28713244
28711998
28711564
28706739
28702178
28701407
28700643
28698611
28694424
28688166
28687930
28687401
28686858
28684681
28684412
28684305
28683563
28683272
28681964
28680297
28678790
28678775
28677093
28676747
28673965
28673322
28671332
28670853
28670349
28668471
28668384
28667374
28665251
28662822
28662598
28661450
28659833
28659755
28658984
28655841
28655763
28652282
28651752
28651750
28651055
28649128
28646880
28645294
28639617
28639078
28638596
28638078
28636962
28636179
28634349
28633663
28633547
28633380
28633142
28632692
28632431
28632387
28628424
28627708
28627590
28627366
28625595
28624435
28624327
28624264
28623007
28621146
28620737
28615451
28615189
28614796
28612273
28612258
28611598
28611587
28611062
28610948
28610619
28609577
28608594
28606781
28606768
28604235
28602351
28601604
28600320
28599877
28595650
28595078
28592637
28591653
28590448
28589525
28588671
28588474
28588446
28588226
28587858
28587768
28586343
28586034
28583855
28583816
28583116
28581731
28579939
28579792
28575017
28573291
28572801
28571819
28571546
28569794
28568901
28566176
28560728
28559058
28555105
28554419
28554409
28553323
28553163
28552682
28552234
28552225
28551556
28550305
28545543
28545363
28545360
28542676
28541476
28541025
28539669
28537993
28536850
28536521
28534925
28534666
28533980
28531192
28528330
28527230
28527044
28526930
28525545
28523553
28521682
28520806
28520803
28520598
28516087
28516065
28515321
28515268
28514657
28512130
28511992
28508314
28507507
28505363
28505261
28504917
28504671
28504123
28501214
28500766
28497201
28495375
28495133
28494163
28493333
28492488
28491064
28490573
28488154
28487632
28484821
28483998
28481984
28478550
28477849
28477714
28476570
28473694
28472657
28472188
28470593
28470568
28469596
28468937
28468935
28468800
28466273
28465104
28464785
28463998
28461971
28461101
28461024
28461004
28460583
28458340
28458041
28458020
28458007
28457650
28453524
28452474
28451886
28450929
28449882
28445807
28444311
28444192
28444186
28443372
28442216
28441621
28441058
28440247
28440222
28438074
28437540
28432980
28430857
28430856
28430154
28428745
28426958
28426150
28424571
28421005
28420965
28418237
28417263
28416463
28413711
28412459
28411811
28411441
28408868
28407242
28406335
28405022
28401346
28400517
28400134
28398344
28398169
28396396
28395798
28395737
28393354
28391017
28389761
28387593
28387556
28386215
28385648
28385005
28379303
28377696
28377290
28377118
28375456
28374078
28374014
28373073
28373010
28372912
28369799
28369131
28366621
28365506
28364450
28361268
28360103
28359932
28358367
28357809
28357805
28356312
28356027
28351931
28351750
28351682
28351449
28345587
28344551
28343168
28342971
28342748
28340953
28338444
28338241
28337659
28337642
28337129
28337124
28336532
28335819
28335035
28335015
28334871
28334843
28334820
28329332
28328017
28327288
28326106
28326011
28324302
28322742
28321196
28320183
28317317
28315275
28315271
28303091
28302159
28302024
28301062
28300918
28300775
28300322
28298885
28298623
28298319
28296268
28294066
28293421
28293166
28289797
28289371
28289062
28288128
28286208
28286146
28286087
28286085
28284752
28284334
28283961
28282920
28282387
28281925
28279708
28276873
28276489
28276271
28275319
28273913
28272318
28271284
28270908
28267811
28266105
28265856
28265522
28260513
28258927
28257938
28256546
28252521
28251307
28247171
28246173
28241148
28240257
28239331
28238791
28236613
28236575
28236574
28234788
28234566
28231624
28230857
28229934
28229396
28228265
28225006
28224476
28223918
28223915
28223212
28223160
28222900
28222799
28222093
28217094
28216333
28215162
28213588
28213520
28213437
28213435
28212433
28210622
28210209
28209520
28208059
28203046
28202663
28202203
28202006
28199020
28197918
28197196
28196456
28195695
28194040
28193854
28193770
28193724
28193273
28192296
28192238
28189739
28189560
28188247
28186658
28186560
28184439
28183246
28182759
28181536
28178240
28177980
28176275
28170216
28168595
28168210
28168207
28167240
28165011
28164770
28164765
28164283
28163087
28161796
28161683
28161391
28160950
28160214
28159621
28158451
28155867
28154157
28153739
28152040
28151028
28149268
28147247
28137534
28134320
28131822
28130845
28130053
28129947
28129614
28128448
28127696
28126466
28126008
28125688
28125211
28124587
28124215
28123423
28123403
28121982
28119569
28119559
28119052
28118852
28112164
28109580
28109165
28108397
28107443
28104789
28103900
28099340
28099085
28098514
28096359
28096265
28096243
28096242
28095679
28095425
28094295
28093972
28093705
28093704
28093437
28090360
28088987
28088283
28087269
28086917
28086194
28085149
28084618
28083646
28082870
28082123
28077398
28077174
28077004
28076019
28072821
28069809
28069797
28068941
28068565
28067736
28062667
28061686
28057301
28056097
28055010
28055007
28045249
28043957
28043897
28040658
28039288
28033483
28032686
28031458
28031292
28029772
28029704
28029600
28028212
28027395
28027392
28026041
28026009
28025808
28025800
28025170
28025127
28019127
28019055
28018269
28018211
28017939
28017799
28013481
28012891
28011637
28008309
28008308
28007989
28004303
28003987
28003185
28000730
27998621
27998274
27997532
27995897
27995438
27993602
27993598
27983884
27979829
27979411
27966319
27966098
27959284
27958713
27957680
27957648
27956744
27956075
27942908
27940602
27938495
27938485
27933142
27930312
27924726
27923640
27920668
27919828
27918765
27917507
27916000
27915387
27914975
27914941
27905268
27901468
27900872
27900678
29442002
27894243
27890826
27890673
27889907
27888449
27888296
27887908
27885887
27885490
27883250
27883225
27882614
27882168
27879212
27878760
27878426
27878120
27875949
27872620
27872019
27870037
27867383
27867369
27867347
27867274
27859269
27859240
27857756
27857231
27855167
27853905
27852003
27851901
27848884
27848070
27846628
27844341
27842487
27842009
27840232
27840193
27837675
27834539
27833399
27832523
27832416
27830784
27830492
27830412
27829172
27825825
27822470
27822367
27821863
27821773
27820864
27820862
27819278
27815720
27815195
27814735
27813127
27809929
27809746
27793785
27789312
27746230
27693472
27807415
27234445
27806289
27805786
27803663
27798423
27769868
27748686
27686464
27799778
27792310
27649940
27571131
27560450
27285588
27797808
27796937
27796787
27796293
27795849
27789521
26563499
27475251
27794200
27793778
27793189
27791136
27791017
27790088
27765693
27729249
27693740
27637496
27005422
26876683
27788286
27785004
27702635
27693849
27783493
27781262
27777343
27596958
27774897
27771921
27771430
27699602
27553189
27453211
27766444
27766264
27721206
27670763
27646116
27616705
27764517
27763482
27762651
27762639
27761936
27761709
27757991
27757037
27739227
27607364
27599163
27592250
27518705
27456702
27061687
30603427
27752066
27615158
27740729
27736905
27733015
27732860
27731318
27727239
27723823
27723363
27723233
27722927
27716798
27716130
27715443
27715315
27714692
27714632
27712640
27711147
27709457
27708431
27707607
27703257
27702698
27699750
27698682
27697291
27696116
27690738
27686535
27685770
27685625
27684648
27683876
27681617
27681424
27672367
27664144
27659108
27658798
27657046
27656889
27653553
27651758
27651757
27650924
27647792
27647207
27646439
27645291
27644548
29263818
27638668
27638617
27638599
27638585
27637672